93
1.46356 0
1.49957 0
1.4463 0
1.3085 0
1.09847 0
0.83499 0
0.54158 0
0.24446 0
-0.02984 0
-0.2568 0
-0.41617 0
-0.49369 0
-0.48245 0
-0.38345 0
-0.20554 0
0.0354 0
0.31784 0
0.61655 0
0.90485 0
1.15699 0
1.35044 0
1.46792 0
0.22824 0
-0.04402 0
-0.26769 0
-0.42278 0
-0.49544 0
-0.47918 0
-0.37545 0
-0.19353 0
0.05035 0
0.3344 0
0.63323 0
0.92017 0
1.16957 0
1.35916 0
1.47201 0
1.49803 0
1.4349 0
1.28825 0
1.0712 0
0.80312 0
0.50796 0
0.2121 0
-0.05805 0
-0.27835 0
-0.42912 0
-0.4969 0
-0.47563 0
-0.3672 0
-0.18131 0
0.06543 0
0.351 0
0.64988 0
0.93537 0
1.18196 0
1.36764 0
1.47582 0
1.49683 0
1.4288 0
1.27779 0
1.05732 0
0.78705 0
0.49115 0
0.19604 0
-0.07193 0
-0.2888 0
-0.43521 0
-0.49808 0
-0.4718 0
-0.35871 0
-0.16891 0
0.08064 0
0.36765 0
0.66648 0
0.95044 0
1.19416 0
1.37588 0
1.47936 0
1.49535 0
1.42243 0
1.26712 0
1.04328 0
0.77091 0
0.47434 0
0.18006 0
-0.08564 0
-0.29902 0
