Wavelength    Value    
300.00    -4        
300.10    56        
300.20    89        
300.30    108       
300.40    55        
300.50    48        
300.60    89        
300.70    62        
300.80    92        
300.90    77        
301.00    25        
301.10    71        
301.20    25        
301.30    78        
301.40    61        
301.50    62        
301.60    79        
301.70    59        
301.80    18        
301.90    92        
302.00    61        
302.10    70        
302.20    55        
302.30    -36       
302.40    -35       
302.50    71        
302.60    122       
302.70    38        
302.80    -16       
302.90    -41       
303.00    72        
303.10    106       
303.20    -13       
303.30    38        
303.40    108       
303.50    49        
303.60    79        
303.70    106       
303.80    75        
303.90    33        
304.00    101       
304.10    118       
304.20    87        
304.30    94        
304.40    40        
304.50    94        
304.60    22        
304.70    77        
304.80    100       
304.90    94        
305.00    20        
305.10    85        
305.20    58        
305.30    105       
305.40    103       
305.50    20        
305.60    87        
305.70    37        
305.80    35        
305.90    63        
306.00    46        
306.10    76        
306.20    97        
306.30    69        
306.40    92        
306.50    83        
306.60    95        
306.70    71        
306.80    56        
306.90    26        
307.00    59        
307.10    115       
307.20    60        
307.30    77        
307.40    59        
307.50    94        
307.60    40        
307.70    66        
307.80    46        
307.90    75        
308.00    75        
308.10    83        
308.20    107       
308.30    91        
308.40    39        
308.50    95        
308.60    25        
308.70    61        
308.80    74        
308.90    4         
309.00    72        
309.10    56        
309.20    8         
309.30    31        
309.40    90        
309.50    54        
309.60    91        
309.70    53        
309.80    53        
309.90    48        
310.00    106       
310.10    102       
310.20    19        
310.30    97        
310.40    81        
310.50    61        
310.60    92        
310.70    94        
310.80    117       
310.90    104       
311.00    85        
311.10    100       
311.20    76        
311.30    85        
311.40    53        
311.50    70        
311.60    92        
311.70    120       
311.80    80        
311.90    90        
312.00    78        
312.10    63        
312.20    64        
312.30    44        
312.40    71        
312.50    43        
312.60    62        
312.70    92        
312.80    97        
312.90    108       
313.00    54        
313.10    82        
313.20    62        
313.30    98        
313.40    7         
313.50    101       
313.60    90        
313.70    -46       
313.80    134       
313.90    79        
314.00    114       
314.10    82        
314.20    124       
314.30    72        
314.40    77        
314.50    31        
314.60    85        
314.70    65        
314.80    79        
314.90    70        
315.00    106       
315.10    49        
315.20    97        
315.30    39        
315.40    71        
315.50    124       
315.60    12        
315.70    57        
315.80    117       
315.90    74        
316.00    29        
316.10    94        
316.20    122       
316.30    108       
316.40    103       
316.50    111       
316.60    91        
316.70    88        
316.80    116       
316.90    66        
317.00    80        
317.10    102       
317.20    93        
317.30    86        
317.40    65        
317.50    130       
317.60    84        
317.70    104       
317.80    91        
317.90    114       
318.00    83        
318.10    104       
318.20    72        
318.30    125       
318.40    85        
318.50    94        
318.60    64        
318.70    92        
318.80    117       
318.90    112       
319.00    63        
319.10    10        
319.20    96        
319.30    47        
319.40    114       
319.50    133       
319.60    89        
319.70    89        
319.80    110       
319.90    120       
320.00    117       
320.10    58        
320.20    -31       
320.30    100       
320.40    86        
320.50    106       
320.60    120       
320.70    131       
320.80    119       
320.90    96        
321.00    12        
321.10    62        
321.20    62        
321.30    20        
321.40    66        
321.50    83        
321.60    82        
321.70    81        
321.80    117       
321.90    79        
322.00    81        
322.10    100       
322.20    45        
322.30    125       
322.40    72        
322.50    107       
322.60    56        
322.70    68        
322.80    141       
322.90    60        
323.00    92        
323.10    62        
323.20    102       
323.30    85        
323.40    107       
323.50    119       
323.60    129       
323.70    84        
323.80    110       
323.90    103       
324.00    126       
324.10    143       
324.20    101       
324.30    115       
324.40    116       
324.50    116       
324.60    131       
324.70    122       
324.80    105       
324.90    103       
325.00    153       
325.10    114       
325.20    102       
325.30    69        
325.40    100       
325.50    78        
325.60    106       
325.70    105       
325.80    121       
325.90    69        
326.00    -68       
326.10    125       
326.20    111       
326.30    70        
326.40    130       
326.50    105       
326.60    97        
326.70    92        
326.80    115       
326.90    87        
327.00    78        
327.10    123       
327.20    118       
327.30    128       
327.40    104       
327.50    131       
327.60    87        
327.70    130       
327.80    94        
327.90    151       
328.00    107       
328.10    102       
328.20    32        
328.30    94        
328.40    135       
328.50    -7        
328.60    129       
328.70    140       
328.80    103       
328.90    140       
329.00    68        
329.10    57        
329.20    108       
329.30    153       
329.40    101       
329.50    99        
329.60    100       
329.70    156       
329.80    51        
329.90    144       
330.00    104       
330.10    98        
330.20    97        
330.30    120       
330.40    101       
330.50    120       
330.60    145       
330.70    158       
330.80    124       
330.90    72        
331.00    7         
331.10    147       
331.20    134       
331.30    110       
331.40    133       
331.50    157       
331.60    163       
331.70    139       
331.80    145       
331.90    135       
332.00    78        
332.10    110       
332.20    74        
332.30    106       
332.40    107       
332.50    23        
332.60    74        
332.70    147       
332.80    105       
332.90    120       
333.00    121       
333.10    74        
333.20    128       
333.30    132       
333.40    130       
333.50    117       
333.60    105       
333.70    110       
333.80    107       
333.90    73        
334.00    130       
334.10    155       
334.20    123       
334.30    97        
334.40    170       
334.50    101       
334.60    132       
334.70    90        
334.80    133       
334.90    62        
335.00    88        
335.10    156       
335.20    147       
335.30    122       
335.40    159       
335.50    162       
335.60    141       
335.70    60        
335.80    128       
335.90    120       
336.00    121       
336.10    109       
336.20    100       
336.30    137       
336.40    126       
336.50    115       
336.60    163       
336.70    164       
336.80    146       
336.90    48        
337.00    108       
337.10    132       
337.20    131       
337.30    146       
337.40    126       
337.50    133       
337.60    7         
337.70    143       
337.80    170       
337.90    117       
338.00    127       
338.10    123       
338.20    81        
338.30    113       
338.40    165       
338.50    131       
338.60    187       
338.70    116       
338.80    170       
338.90    165       
339.00    118       
339.10    145       
339.20    149       
339.30    81        
339.40    130       
339.50    105       
339.60    132       
339.70    134       
339.80    117       
339.90    136       
340.00    184       
340.10    73        
340.20    186       
340.30    142       
340.40    120       
340.50    179       
340.60    117       
340.70    142       
340.80    87        
340.90    117       
341.00    158       
341.10    188       
341.20    58        
341.30    174       
341.40    179       
341.50    146       
341.60    143       
341.70    102       
341.80    149       
341.90    150       
342.00    189       
342.10    169       
342.20    201       
342.30    207       
342.40    150       
342.50    183       
342.60    125       
342.70    125       
342.80    146       
342.90    154       
343.00    138       
343.10    122       
343.20    143       
343.30    107       
343.40    153       
343.50    170       
343.60    121       
343.70    128       
343.80    176       
343.90    135       
344.00    156       
344.10    143       
344.20    157       
344.30    142       
344.40    160       
344.50    158       
344.60    96        
344.70    148       
344.80    150       
344.90    156       
345.00    104       
345.10    186       
345.20    186       
345.30    185       
345.40    129       
345.50    174       
345.60    215       
345.70    180       
345.80    136       
345.90    151       
346.00    149       
346.10    146       
346.20    160       
346.30    203       
346.40    141       
346.50    609       
346.60    194       
346.70    208       
346.80    140       
346.90    77        
347.00    132       
347.10    200       
347.20    150       
347.30    175       
347.40    197       
347.50    191       
347.60    136       
347.70    163       
347.80    121       
347.90    130       
348.00    172       
348.10    104       
348.20    183       
348.30    24        
348.40    158       
348.50    190       
348.60    150       
348.70    185       
348.80    145       
348.90    210       
349.00    131       
349.10    177       
349.20    659       
349.30    163       
349.40    157       
349.50    208       
349.60    210       
349.70    170       
349.80    154       
349.90    82        
350.00    196       
350.10    194       
350.20    165       
350.30    199       
350.40    616       
350.50    179       
350.60    92        
350.70    126       
350.80    220       
350.90    159       
351.00    118       
351.10    612       
351.20    169       
351.30    174       
351.40    155       
351.50    200       
351.60    204       
351.70    186       
351.80    173       
351.90    217       
352.00    208       
352.10    144       
352.20    208       
352.30    179       
352.40    158       
352.50    189       
352.60    607       
352.70    176       
352.80    186       
352.90    246       
353.00    207       
353.10    230       
353.20    143       
353.30    130       
353.40    214       
353.50    226       
353.60    145       
353.70    166       
353.80    168       
353.90    173       
354.00    233       
354.10    173       
354.20    204       
354.30    163       
354.40    252       
354.50    238       
354.60    191       
354.70    173       
354.80    160       
354.90    182       
355.00    655       
355.10    592       
355.20    176       
355.30    201       
355.40    628       
355.50    242       
355.60    179       
355.70    216       
355.80    160       
355.90    256       
356.00    139       
356.10    208       
356.20    231       
356.30    215       
356.40    577       
356.50    149       
356.60    167       
356.70    599       
356.80    211       
356.90    151       
357.00    159       
357.10    188       
357.20    586       
357.30    166       
357.40    236       
357.50    212       
357.60    183       
357.70    216       
357.80    220       
357.90    246       
358.00    123       
358.10    214       
358.20    165       
358.30    563       
358.40    225       
358.50    561       
358.60    621       
358.70    221       
358.80    585       
358.90    632       
359.00    611       
359.10    650       
359.20    552       
359.30    144       
359.40    603       
359.50    572       
359.60    138       
359.70    236       
359.80    238       
359.90    578       
360.00    197       
360.10    533       
360.20    172       
360.30    564       
360.40    601       
360.50    171       
360.60    208       
360.70    216       
360.80    569       
360.90    229       
361.00    188       
361.10    272       
361.20    587       
361.30    188       
361.40    247       
361.50    250       
361.60    143       
361.70    166       
361.80    239       
361.90    226       
362.00    187       
362.10    257       
362.20    201       
362.30    568       
362.40    251       
362.50    232       
362.60    629       
362.70    178       
362.80    233       
362.90    549       
363.00    229       
363.10    627       
363.20    623       
363.30    556       
363.40    227       
363.50    607       
363.60    656       
363.70    216       
363.80    560       
363.90    556       
364.00    573       
364.10    561       
364.20    633       
364.30    648       
364.40    155       
364.50    580       
364.60    244       
364.70    633       
364.80    571       
364.90    201       
365.00    604       
365.10    611       
365.20    567       
365.30    217       
365.40    609       
365.50    578       
365.60    543       
365.70    590       
365.80    647       
365.90    209       
366.00    209       
366.10    603       
366.20    601       
366.30    587       
366.40    581       
366.50    626       
366.60    600       
366.70    598       
366.80    607       
366.90    580       
367.00    640       
367.10    563       
367.20    197       
367.30    626       
367.40    716       
367.50    575       
367.60    613       
367.70    568       
367.80    557       
367.90    644       
368.00    604       
368.10    544       
368.20    641       
368.30    682       
368.40    704       
368.50    189       
368.60    610       
368.70    631       
368.80    624       
368.90    581       
369.00    576       
369.10    225       
369.20    658       
369.30    612       
369.40    589       
369.50    587       
369.60    604       
369.70    582       
369.80    573       
369.90    221       
370.00    629       
370.10    639       
370.20    632       
370.30    696       
370.40    639       
370.50    613       
370.60    815       
370.70    595       
370.80    597       
370.90    585       
371.00    646       
371.10    644       
371.20    619       
371.30    597       
371.40    585       
371.50    630       
371.60    619       
371.70    686       
371.80    639       
371.90    616       
372.00    630       
372.10    744       
372.20    586       
372.30    608       
372.40    644       
372.50    687       
372.60    645       
372.70    643       
372.80    664       
372.90    595       
373.00    611       
373.10    573       
373.20    607       
373.30    611       
373.40    625       
373.50    593       
373.60    621       
373.70    612       
373.80    697       
373.90    626       
374.00    623       
374.10    618       
374.20    608       
374.30    664       
374.40    635       
374.50    644       
374.60    638       
374.70    648       
374.80    617       
374.90    714       
375.00    610       
375.10    638       
375.20    630       
375.30    643       
375.40    747       
375.50    594       
375.60    637       
375.70    666       
375.80    612       
375.90    725       
376.00    662       
376.10    690       
376.20    610       
376.30    630       
376.40    716       
376.50    602       
376.60    694       
376.70    669       
376.80    654       
376.90    660       
377.00    693       
377.10    635       
377.20    631       
377.30    634       
377.40    646       
377.50    639       
377.60    628       
377.70    664       
377.80    668       
377.90    696       
378.00    713       
378.10    690       
378.20    599       
378.30    618       
378.40    670       
378.50    665       
378.60    677       
378.70    626       
378.80    739       
378.90    689       
379.00    642       
379.10    658       
379.20    628       
379.30    674       
379.40    637       
379.50    639       
379.60    639       
379.70    663       
379.80    653       
379.90    684       
380.00    607       
380.10    643       
380.20    694       
380.30    680       
380.40    643       
380.50    757       
380.60    700       
380.70    648       
380.80    632       
380.90    665       
381.00    654       
381.10    626       
381.20    630       
381.30    621       
381.40    794       
381.50    692       
381.60    676       
381.70    666       
381.80    678       
381.90    688       
382.00    666       
382.10    826       
382.20    675       
382.30    695       
382.40    654       
382.50    627       
382.60    667       
382.70    806       
382.80    707       
382.90    677       
383.00    647       
383.10    654       
383.20    674       
383.30    672       
383.40    768       
383.50    687       
383.60    679       
383.70    622       
383.80    709       
383.90    742       
384.00    692       
384.10    672       
384.20    755       
384.30    705       
384.40    680       
384.50    666       
384.60    722       
384.70    682       
384.80    743       
384.90    709       
385.00    740       
385.10    668       
385.20    713       
385.30    741       
385.40    699       
385.50    661       
385.60    711       
385.70    759       
385.80    711       
385.90    693       
386.00    704       
386.10    656       
386.20    749       
386.30    692       
386.40    720       
386.50    677       
386.60    746       
386.70    683       
386.80    720       
386.90    732       
387.00    808       
387.10    682       
387.20    669       
387.30    715       
387.40    754       
387.50    697       
387.60    738       
387.70    703       
387.80    670       
387.90    714       
388.00    787       
388.10    777       
388.20    708       
388.30    710       
388.40    699       
388.50    716       
388.60    862       
388.70    794       
388.80    724       
388.90    681       
389.00    762       
389.10    701       
389.20    713       
389.30    715       
389.40    744       
389.50    760       
389.60    766       
389.70    824       
389.80    730       
389.90    688       
390.00    718       
390.10    732       
390.20    725       
390.30    814       
390.40    745       
390.50    741       
390.60    771       
390.70    726       
390.80    739       
390.90    766       
391.00    715       
391.10    719       
391.20    703       
391.30    764       
391.40    729       
391.50    836       
391.60    721       
391.70    742       
391.80    716       
391.90    735       
392.00    719       
392.10    794       
392.20    766       
392.30    726       
392.40    742       
392.50    762       
392.60    716       
392.70    719       
392.80    840       
392.90    781       
393.00    737       
393.10    805       
393.20    739       
393.30    734       
393.40    748       
393.50    750       
393.60    759       
393.70    784       
393.80    848       
393.90    723       
394.00    744       
394.10    765       
394.20    731       
394.30    793       
394.40    723       
394.50    841       
394.60    732       
394.70    820       
394.80    782       
394.90    774       
395.00    782       
395.10    776       
395.20    777       
395.30    768       
395.40    815       
395.50    730       
395.60    742       
395.70    748       
395.80    785       
395.90    752       
396.00    755       
396.10    733       
396.20    763       
396.30    772       
396.40    811       
396.50    813       
396.60    748       
396.70    785       
396.80    782       
396.90    812       
397.00    794       
397.10    782       
397.20    750       
397.30    729       
397.40    796       
397.50    741       
397.60    805       
397.70    823       
397.80    776       
397.90    784       
398.00    756       
398.10    878       
398.20    775       
398.30    770       
398.40    778       
398.50    799       
398.60    773       
398.70    836       
398.80    760       
398.90    758       
399.00    795       
399.10    762       
399.20    749       
399.30    789       
399.40    757       
399.50    785       
399.60    777       
399.70    852       
399.80    775       
399.90    815       
400.00    773       
400.10    791       
400.20    820       
400.30    793       
400.40    812       
400.50    801       
400.60    848       
400.70    804       
400.80    821       
400.90    859       
401.00    772       
401.10    818       
401.20    828       
401.30    797       
401.40    881       
401.50    852       
401.60    811       
401.70    843       
401.80    812       
401.90    922       
402.00    836       
402.10    788       
402.20    840       
402.30    812       
402.40    812       
402.50    809       
402.60    828       
402.70    770       
402.80    810       
402.90    850       
403.00    890       
403.10    864       
403.20    823       
403.30    842       
403.40    812       
403.50    820       
403.60    813       
403.70    843       
403.80    809       
403.90    901       
404.00    799       
404.10    815       
404.20    835       
404.30    881       
404.40    855       
404.50    863       
404.60    780       
404.70    840       
404.80    840       
404.90    831       
405.00    816       
405.10    838       
405.20    827       
405.30    813       
405.40    813       
405.50    819       
405.60    876       
405.70    925       
405.80    848       
405.90    857       
406.00    827       
406.10    827       
406.20    806       
406.30    863       
406.40    854       
406.50    922       
406.60    873       
406.70    845       
406.80    858       
406.90    838       
407.00    1016      
407.10    846       
407.20    925       
407.30    841       
407.40    829       
407.50    878       
407.60    815       
407.70    853       
407.80    852       
407.90    938       
408.00    910       
408.10    884       
408.20    898       
408.30    869       
408.40    849       
408.50    854       
408.60    843       
408.70    863       
408.80    870       
408.90    848       
409.00    849       
409.10    933       
409.20    907       
409.30    900       
409.40    867       
409.50    952       
409.60    871       
409.70    851       
409.80    861       
409.90    890       
410.00    903       
410.10    835       
410.20    848       
410.30    859       
410.40    884       
410.50    889       
410.60    849       
410.70    863       
410.80    856       
410.90    922       
411.00    893       
411.10    904       
411.20    927       
411.30    861       
411.40    866       
411.50    939       
411.60    987       
411.70    871       
411.80    893       
411.90    900       
412.00    893       
412.10    881       
412.20    929       
412.30    919       
412.40    908       
412.50    916       
412.60    864       
412.70    921       
412.80    962       
412.90    979       
413.00    841       
413.10    900       
413.20    871       
413.30    938       
413.40    908       
413.50    920       
413.60    914       
413.70    914       
413.80    884       
413.90    878       
414.00    910       
414.10    939       
414.20    984       
414.30    928       
414.40    929       
414.50    923       
414.60    890       
414.70    897       
414.80    891       
414.90    905       
415.00    902       
415.10    953       
415.20    923       
415.30    882       
415.40    921       
415.50    928       
415.60    947       
415.70    894       
415.80    1057      
415.90    942       
416.00    921       
416.10    920       
416.20    927       
416.30    899       
416.40    960       
416.50    1018      
416.60    936       
416.70    1029      
416.80    999       
416.90    1041      
417.00    919       
417.10    919       
417.20    963       
417.30    918       
417.40    963       
417.50    961       
417.60    925       
417.70    940       
417.80    947       
417.90    954       
418.00    974       
418.10    1045      
418.20    923       
418.30    964       
418.40    978       
418.50    955       
418.60    1019      
418.70    946       
418.80    941       
418.90    920       
419.00    952       
419.10    917       
419.20    995       
419.30    1109      
419.40    973       
419.50    955       
419.60    938       
419.70    970       
419.80    980       
419.90    992       
420.00    955       
420.10    915       
420.20    1009      
420.30    938       
420.40    998       
420.50    936       
420.60    921       
420.70    941       
420.80    998       
420.90    1008      
421.00    979       
421.10    979       
421.20    957       
421.30    925       
421.40    1076      
421.50    966       
421.60    939       
421.70    940       
421.80    944       
421.90    1004      
422.00    942       
422.10    980       
422.20    1006      
422.30    979       
422.40    956       
422.50    946       
422.60    945       
422.70    1002      
422.80    938       
422.90    994       
423.00    1023      
423.10    966       
423.20    1010      
423.30    958       
423.40    967       
423.50    1025      
423.60    1048      
423.70    1070      
423.80    1004      
423.90    954       
424.00    986       
424.10    991       
424.20    959       
424.30    933       
424.40    1013      
424.50    1006      
424.60    972       
424.70    1052      
424.80    1030      
424.90    977       
425.00    972       
425.10    1020      
425.20    1028      
425.30    1025      
425.40    1020      
425.50    997       
425.60    1091      
425.70    948       
425.80    1035      
425.90    959       
426.00    963       
426.10    961       
426.20    981       
426.30    1009      
426.40    953       
426.50    960       
426.60    949       
426.70    1024      
426.80    1002      
426.90    1000      
427.00    1035      
427.10    1007      
427.20    990       
427.30    1004      
427.40    1083      
427.50    980       
427.60    1004      
427.70    1068      
427.80    962       
427.90    967       
428.00    1059      
428.10    1012      
428.20    1016      
428.30    1011      
428.40    1015      
428.50    1041      
428.60    955       
428.70    1012      
428.80    1042      
428.90    1119      
429.00    991       
429.10    1108      
429.20    1064      
429.30    1135      
429.40    1060      
429.50    1028      
429.60    1041      
429.70    1004      
429.80    1001      
429.90    1125      
430.00    1031      
430.10    986       
430.20    1047      
430.30    1025      
430.40    1041      
430.50    1031      
430.60    1009      
430.70    1030      
430.80    1100      
430.90    1121      
431.00    1056      
431.10    1082      
431.20    1057      
431.30    1052      
431.40    1019      
431.50    1058      
431.60    982       
431.70    999       
431.80    1068      
431.90    1145      
432.00    994       
432.10    1058      
432.20    1065      
432.30    1050      
432.40    1132      
432.50    1028      
432.60    1009      
432.70    1033      
432.80    1037      
432.90    1095      
433.00    1008      
433.10    1013      
433.20    992       
433.30    1056      
433.40    1025      
433.50    1043      
433.60    1048      
433.70    1109      
433.80    1053      
433.90    1014      
434.00    1099      
434.10    1004      
434.20    1041      
434.30    1037      
434.40    1050      
434.50    1093      
434.60    1200      
434.70    1080      
434.80    1085      
434.90    1074      
435.00    1091      
435.10    1084      
435.20    1033      
435.30    1037      
435.40    1041      
435.50    1089      
435.60    1043      
435.70    1063      
435.80    1031      
435.90    1104      
436.00    1045      
436.10    1022      
436.20    1044      
436.30    1039      
436.40    1079      
436.50    1165      
436.60    1138      
436.70    1053      
436.80    1091      
436.90    1143      
437.00    1023      
437.10    1081      
437.20    1045      
437.30    1050      
437.40    1061      
437.50    1059      
437.60    1102      
437.70    1099      
437.80    1051      
437.90    1029      
438.00    1169      
438.10    1090      
438.20    1133      
438.30    1044      
438.40    1179      
438.50    1040      
438.60    1166      
438.70    1098      
438.80    1137      
438.90    1074      
439.00    1138      
439.10    1032      
439.20    1076      
439.30    1098      
439.40    1170      
439.50    1090      
439.60    1080      
439.70    1036      
439.80    1035      
439.90    1073      
440.00    1082      
440.10    1087      
440.20    1109      
440.30    1122      
440.40    1086      
440.50    1057      
440.60    1059      
440.70    1157      
440.80    1092      
440.90    1169      
441.00    1109      
441.10    1066      
441.20    1075      
441.30    1070      
441.40    1132      
441.50    1063      
441.60    1068      
441.70    1096      
441.80    1066      
441.90    1062      
442.00    1091      
442.10    1118      
442.20    1221      
442.30    1159      
442.40    1121      
442.50    1053      
442.60    1133      
442.70    1147      
442.80    1236      
442.90    1095      
443.00    1116      
443.10    1082      
443.20    1196      
443.30    1164      
443.40    1095      
443.50    1156      
443.60    1131      
443.70    1114      
443.80    1128      
443.90    1102      
444.00    1139      
444.10    1123      
444.20    1136      
444.30    1106      
444.40    1167      
444.50    1102      
444.60    1109      
444.70    1090      
444.80    1082      
444.90    1078      
445.00    1104      
445.10    1075      
445.20    1087      
445.30    1083      
445.40    1120      
445.50    1106      
445.60    1057      
445.70    1107      
445.80    1077      
445.90    1098      
446.00    1117      
446.10    1116      
446.20    1067      
446.30    1093      
446.40    1154      
446.50    1162      
446.60    1087      
446.70    1192      
446.80    1122      
446.90    1091      
447.00    1086      
447.10    1143      
447.20    1132      
447.30    1148      
447.40    1118      
447.50    1120      
447.60    1091      
447.70    1156      
447.80    1158      
447.90    1122      
448.00    1112      
448.10    1082      
448.20    1105      
448.30    1132      
448.40    1105      
448.50    1107      
448.60    1181      
448.70    1143      
448.80    1154      
448.90    1161      
449.00    1119      
449.10    1116      
449.20    1090      
449.30    1129      
449.40    1129      
449.50    1077      
449.60    1132      
449.70    1104      
449.80    1123      
449.90    1093      
450.00    1091      
450.10    1134      
450.20    1111      
450.30    1106      
450.40    1144      
450.50    1204      
450.60    1115      
450.70    1139      
450.80    1130      
450.90    1100      
451.00    1106      
451.10    1157      
451.20    1111      
451.30    1105      
451.40    1238      
451.50    1117      
451.60    1126      
451.70    1101      
451.80    1115      
451.90    1199      
452.00    1099      
452.10    1248      
452.20    1159      
452.30    1208      
452.40    1228      
452.50    1113      
452.60    1144      
452.70    1136      
452.80    1121      
452.90    1126      
453.00    1161      
453.10    1195      
453.20    1175      
453.30    1162      
453.40    1138      
453.50    1193      
453.60    1190      
453.70    1136      
453.80    1178      
453.90    1121      
454.00    1137      
454.10    1137      
454.20    1233      
454.30    1178      
454.40    1158      
454.50    1239      
454.60    1169      
454.70    1131      
454.80    1155      
454.90    1160      
455.00    1135      
455.10    1150      
455.20    1190      
455.30    1212      
455.40    1235      
455.50    1164      
455.60    1178      
455.70    1175      
455.80    1173      
455.90    1122      
456.00    1208      
456.10    1148      
456.20    1161      
456.30    1167      
456.40    1152      
456.50    1127      
456.60    1174      
456.70    1187      
456.80    1185      
456.90    1231      
457.00    1213      
457.10    1211      
457.20    1170      
457.30    1205      
457.40    1183      
457.50    1192      
457.60    1282      
457.70    1192      
457.80    1158      
457.90    1192      
458.00    1170      
458.10    1172      
458.20    1164      
458.30    1168      
458.40    1219      
458.50    1180      
458.60    1169      
458.70    1209      
458.80    1180      
458.90    1235      
459.00    1243      
459.10    1164      
459.20    1177      
459.30    1194      
459.40    1168      
459.50    1196      
459.60    1174      
459.70    1232      
459.80    1159      
459.90    1200      
460.00    1273      
460.10    1243      
460.20    1308      
460.30    1212      
460.40    1204      
460.50    1247      
460.60    1161      
460.70    1236      
460.80    1291      
460.90    1236      
461.00    1239      
461.10    1257      
461.20    1200      
461.30    1220      
461.40    1213      
461.50    1226      
461.60    1205      
461.70    1206      
461.80    1352      
461.90    1221      
462.00    1202      
462.10    1215      
462.20    1178      
462.30    1228      
462.40    1157      
462.50    1395      
462.60    1256      
462.70    1218      
462.80    1189      
462.90    1232      
463.00    1182      
463.10    1243      
463.20    1228      
463.30    1224      
463.40    1196      
463.50    1256      
463.60    1259      
463.70    1212      
463.80    1228      
463.90    1294      
464.00    1237      
464.10    1276      
464.20    1254      
464.30    1244      
464.40    1384      
464.50    1229      
464.60    1330      
464.70    1244      
464.80    1273      
464.90    1245      
465.00    1251      
465.10    1342      
465.20    1208      
465.30    1219      
465.40    1234      
465.50    1229      
465.60    1246      
465.70    1342      
465.80    1229      
465.90    1256      
466.00    1253      
466.10    1261      
466.20    1247      
466.30    1356      
466.40    1325      
466.50    1228      
466.60    1275      
466.70    1245      
466.80    1263      
466.90    1333      
467.00    1375      
467.10    1228      
467.20    1307      
467.30    1254      
467.40    1314      
467.50    1218      
467.60    1288      
467.70    1251      
467.80    1199      
467.90    1228      
468.00    1360      
468.10    1267      
468.20    1398      
468.30    1266      
468.40    1268      
468.50    1240      
468.60    1311      
468.70    1236      
468.80    1261      
468.90    1316      
469.00    1268      
469.10    1323      
469.20    1242      
469.30    1261      
469.40    1336      
469.50    1280      
469.60    1267      
469.70    1284      
469.80    1284      
469.90    1238      
470.00    1257      
470.10    1274      
470.20    1262      
470.30    1279      
470.40    1290      
470.50    1256      
470.60    1379      
470.70    1268      
470.80    1343      
470.90    1341      
471.00    1320      
471.10    1288      
471.20    1349      
471.30    1266      
471.40    1284      
471.50    1317      
471.60    1240      
471.70    1262      
471.80    1362      
471.90    1298      
472.00    1294      
472.10    1307      
472.20    1280      
472.30    1344      
472.40    1317      
472.50    1265      
472.60    1355      
472.70    1393      
472.80    1285      
472.90    1294      
473.00    1289      
473.10    1282      
473.20    1290      
473.30    1278      
473.40    1347      
473.50    1348      
473.60    1287      
473.70    1294      
473.80    1350      
473.90    1364      
474.00    1367      
474.10    1318      
474.20    1309      
474.30    1339      
474.40    1298      
474.50    1310      
474.60    1305      
474.70    1298      
474.80    1285      
474.90    1290      
475.00    1359      
475.10    1300      
475.20    1311      
475.30    1308      
475.40    1314      
475.50    1325      
475.60    1364      
475.70    1424      
475.80    1323      
475.90    1359      
476.00    1392      
476.10    1556      
476.20    1325      
476.30    1363      
476.40    1364      
476.50    1304      
476.60    1318      
476.70    1330      
476.80    1374      
476.90    1317      
477.00    1345      
477.10    1340      
477.20    1312      
477.30    1356      
477.40    1409      
477.50    1329      
477.60    1317      
477.70    1337      
477.80    1406      
477.90    1376      
478.00    1398      
478.10    1328      
478.20    1338      
478.30    1322      
478.40    1442      
478.50    1370      
478.60    1351      
478.70    1331      
478.80    1394      
478.90    1425      
479.00    1371      
479.10    1399      
479.20    1426      
479.30    1347      
479.40    1320      
479.50    1403      
479.60    1343      
479.70    1325      
479.80    1337      
479.90    1379      
480.00    1391      
480.10    1374      
480.20    1403      
480.30    1324      
480.40    1378      
480.50    1323      
480.60    1394      
480.70    1334      
480.80    1374      
480.90    1348      
481.00    1343      
481.10    1378      
481.20    1322      
481.30    1368      
481.40    1374      
481.50    1379      
481.60    1416      
481.70    1408      
481.80    1369      
481.90    1338      
482.00    1427      
482.10    1407      
482.20    1398      
482.30    1395      
482.40    1340      
482.50    1391      
482.60    1358      
482.70    1383      
482.80    1442      
482.90    1470      
483.00    1394      
483.10    1350      
483.20    1385      
483.30    1398      
483.40    1349      
483.50    1379      
483.60    1345      
483.70    1373      
483.80    1449      
483.90    1367      
484.00    1369      
484.10    1416      
484.20    1388      
484.30    1358      
484.40    1375      
484.50    1355      
484.60    1434      
484.70    1353      
484.80    1418      
484.90    1442      
485.00    1384      
485.10    1386      
485.20    1426      
485.30    1398      
485.40    1429      
485.50    1435      
485.60    1432      
485.70    1420      
485.80    1401      
485.90    1431      
486.00    1411      
486.10    1389      
486.20    1443      
486.30    1370      
486.40    1372      
486.50    1359      
486.60    1371      
486.70    1417      
486.80    1374      
486.90    1343      
487.00    1406      
487.10    1458      
487.20    1503      
487.30    1364      
487.40    1437      
487.50    1366      
487.60    1383      
487.70    1407      
487.80    1444      
487.90    1533      
488.00    1462      
488.10    1393      
488.20    1452      
488.30    1421      
488.40    1374      
488.50    1369      
488.60    1458      
488.70    1390      
488.80    1396      
488.90    1515      
489.00    1439      
489.10    1380      
489.20    1503      
489.30    1395      
489.40    1444      
489.50    1397      
489.60    1396      
489.70    1438      
489.80    1558      
489.90    1435      
490.00    1410      
490.10    1421      
490.20    1403      
490.30    1379      
490.40    1421      
490.50    1451      
490.60    1390      
490.70    1436      
490.80    1431      
490.90    1494      
491.00    1384      
491.10    1408      
491.20    1437      
491.30    1386      
491.40    1393      
491.50    1463      
491.60    1416      
491.70    1414      
491.80    1411      
491.90    1401      
492.00    1400      
492.10    1487      
492.20    1393      
492.30    1418      
492.40    1616      
492.50    1434      
492.60    1506      
492.70    1439      
492.80    1445      
492.90    1424      
493.00    1456      
493.10    1430      
493.20    1475      
493.30    1426      
493.40    1491      
493.50    1413      
493.60    1472      
493.70    1402      
493.80    1436      
493.90    1549      
494.00    1413      
494.10    1467      
494.20    1414      
494.30    1419      
494.40    1432      
494.50    1466      
494.60    1426      
494.70    1465      
494.80    1455      
494.90    1432      
495.00    1433      
495.10    1577      
495.20    1554      
495.30    1503      
495.40    1444      
495.50    1440      
495.60    1409      
495.70    1430      
495.80    1523      
495.90    1430      
496.00    1433      
496.10    1424      
496.20    1455      
496.30    1441      
496.40    1404      
496.50    1470      
496.60    1434      
496.70    1463      
496.80    1463      
496.90    1476      
497.00    1464      
497.10    1431      
497.20    1455      
497.30    1458      
497.40    1444      
497.50    1494      
497.60    1427      
497.70    1423      
497.80    1453      
497.90    1483      
498.00    1453      
498.10    1443      
498.20    1429      
498.30    1459      
498.40    1419      
498.50    1443      
498.60    1416      
498.70    1423      
498.80    1425      
498.90    1506      
499.00    1446      
499.10    1460      
499.20    1467      
499.30    1440      
499.40    1439      
499.50    1472      
499.60    1445      
499.70    1406      
499.80    1464      
499.90    1492      
500.00    1505      
500.10    1445      
500.20    1433      
500.30    1486      
500.40    1453      
500.50    1458      
500.60    1431      
500.70    1475      
500.80    1448      
500.90    1483      
501.00    1435      
501.10    1528      
501.20    1444      
501.30    1541      
501.40    1494      
501.50    1443      
501.60    1440      
501.70    1417      
501.80    1445      
501.90    1530      
502.00    1495      
502.10    1525      
502.20    1437      
502.30    1435      
502.40    1493      
502.50    1468      
502.60    1449      
502.70    1438      
502.80    1443      
502.90    1445      
503.00    1440      
503.10    1432      
503.20    1445      
503.30    1464      
503.40    1521      
503.50    1460      
503.60    1512      
503.70    1452      
503.80    1466      
503.90    1499      
504.00    1486      
504.10    1476      
504.20    1517      
504.30    1497      
504.40    1448      
504.50    1537      
504.60    1495      
504.70    1481      
504.80    1487      
504.90    1442      
505.00    1451      
505.10    1435      
505.20    1529      
505.30    1436      
505.40    1544      
505.50    1474      
505.60    1461      
505.70    1480      
505.80    1467      
505.90    1437      
506.00    1468      
506.10    1488      
506.20    1563      
506.30    1520      
506.40    1474      
506.50    1557      
506.60    1467      
506.70    1470      
506.80    1463      
506.90    1468      
507.00    1506      
507.10    1574      
507.20    1501      
507.30    1453      
507.40    1568      
507.50    1451      
507.60    1581      
507.70    1497      
507.80    1482      
507.90    1547      
508.00    1497      
508.10    1456      
508.20    1451      
508.30    1472      
508.40    1462      
508.50    1542      
508.60    1485      
508.70    1441      
508.80    1494      
508.90    1485      
509.00    1470      
509.10    1444      
509.20    1528      
509.30    1519      
509.40    1474      
509.50    1513      
509.60    1449      
509.70    1524      
509.80    1491      
509.90    1487      
510.00    1527      
510.10    1487      
510.20    1474      
510.30    1472      
510.40    1480      
510.50    1473      
510.60    1459      
510.70    1469      
510.80    1530      
510.90    1564      
511.00    1456      
511.10    1632      
511.20    1487      
511.30    1484      
511.40    1453      
511.50    1533      
511.60    1447      
511.70    1437      
511.80    1548      
511.90    1540      
512.00    1602      
512.10    1580      
512.20    1502      
512.30    1458      
512.40    1466      
512.50    1459      
512.60    1575      
512.70    1499      
512.80    1472      
512.90    1468      
513.00    1563      
513.10    1507      
513.20    1558      
513.30    1503      
513.40    1517      
513.50    1526      
513.60    1462      
513.70    1448      
513.80    1488      
513.90    1519      
514.00    1568      
514.10    1486      
514.20    1569      
514.30    1638      
514.40    1482      
514.50    1484      
514.60    1455      
514.70    1518      
514.80    1664      
514.90    1459      
515.00    1496      
515.10    1519      
515.20    1633      
515.30    1483      
515.40    1459      
515.50    1450      
515.60    1480      
515.70    1497      
515.80    1499      
515.90    1527      
516.00    1530      
516.10    1490      
516.20    1487      
516.30    1496      
516.40    1518      
516.50    1532      
516.60    1491      
516.70    1453      
516.80    1490      
516.90    1471      
517.00    1474      
517.10    1501      
517.20    1555      
517.30    1472      
517.40    1494      
517.50    1498      
517.60    1536      
517.70    1514      
517.80    1488      
517.90    1511      
518.00    1595      
518.10    1467      
518.20    1549      
518.30    1535      
518.40    1448      
518.50    1509      
518.60    1662      
518.70    1572      
518.80    1532      
518.90    1489      
519.00    1460      
519.10    1535      
519.20    1453      
519.30    1521      
519.40    1488      
519.50    1507      
519.60    1514      
519.70    1533      
519.80    1526      
519.90    1479      
520.00    1496      
520.10    1492      
520.20    1534      
520.30    1539      
520.40    1512      
520.50    1560      
520.60    1549      
520.70    1495      
520.80    1535      
520.90    1507      
521.00    1487      
521.10    1469      
521.20    1483      
521.30    1454      
521.40    1567      
521.50    1542      
521.60    1505      
521.70    1520      
521.80    1506      
521.90    1523      
522.00    1554      
522.10    1543      
522.20    1506      
522.30    1491      
522.40    1571      
522.50    1612      
522.60    1510      
522.70    1581      
522.80    1575      
522.90    1495      
523.00    1542      
523.10    1486      
523.20    1499      
523.30    1561      
523.40    1566      
523.50    1494      
523.60    1549      
523.70    1504      
523.80    1601      
523.90    1463      
524.00    1542      
524.10    1481      
524.20    1562      
524.30    1513      
524.40    1557      
524.50    1509      
524.60    1562      
524.70    1524      
524.80    1592      
524.90    1594      
525.00    1490      
525.10    1545      
525.20    1507      
525.30    1540      
525.40    1476      
525.50    1514      
525.60    1533      
525.70    1579      
525.80    1486      
525.90    1504      
526.00    1611      
526.10    1493      
526.20    1487      
526.30    1478      
526.40    1504      
526.50    1560      
526.60    1485      
526.70    1567      
526.80    1512      
526.90    1485      
527.00    1496      
527.10    1500      
527.20    1536      
527.30    1524      
527.40    1573      
527.50    1515      
527.60    1513      
527.70    1490      
527.80    1520      
527.90    1556      
528.00    1505      
528.10    1512      
528.20    1548      
528.30    1579      
528.40    1494      
528.50    1514      
528.60    1482      
528.70    1486      
528.80    1498      
528.90    1485      
529.00    1526      
529.10    1543      
529.20    1474      
529.30    1509      
529.40    1484      
529.50    1490      
529.60    1594      
529.70    1502      
529.80    1486      
529.90    1540      
530.00    1540      
530.10    1504      
530.20    1508      
530.30    1528      
530.40    1533      
530.50    1500      
530.60    1598      
530.70    1526      
530.80    1484      
530.90    1550      
531.00    1575      
531.10    1510      
531.20    1489      
531.30    1489      
531.40    1515      
531.50    1602      
531.60    1495      
531.70    1567      
531.80    1517      
531.90    1467      
532.00    1488      
532.10    1654      
532.20    1501      
532.30    1481      
532.40    1494      
532.50    1501      
532.60    1482      
532.70    1485      
532.80    1513      
532.90    1504      
533.00    1524      
533.10    1471      
533.20    1505      
533.30    1492      
533.40    1496      
533.50    1516      
533.60    1497      
533.70    1540      
533.80    1511      
533.90    1509      
534.00    1492      
534.10    1560      
534.20    1535      
534.30    1563      
534.40    1526      
534.50    1575      
534.60    1493      
534.70    1479      
534.80    1520      
534.90    1509      
535.00    1492      
535.10    1495      
535.20    1483      
535.30    1504      
535.40    1495      
535.50    1513      
535.60    1526      
535.70    1591      
535.80    1512      
535.90    1612      
536.00    1479      
536.10    1503      
536.20    1508      
536.30    1547      
536.40    1549      
536.50    1537      
536.60    1587      
536.70    1515      
536.80    1483      
536.90    1483      
537.00    1575      
537.10    1519      
537.20    1538      
537.30    1504      
537.40    1506      
537.50    1553      
537.60    1466      
537.70    1506      
537.80    1548      
537.90    1552      
538.00    1541      
538.10    1529      
538.20    1573      
538.30    1516      
538.40    1475      
538.50    1594      
538.60    1539      
538.70    1568      
538.80    1539      
538.90    1566      
539.00    1475      
539.10    1462      
539.20    1529      
539.30    1481      
539.40    1496      
539.50    1500      
539.60    1587      
539.70    1499      
539.80    1523      
539.90    1484      
540.00    1476      
540.10    1507      
540.20    1504      
540.30    1513      
540.40    1516      
540.50    1539      
540.60    1530      
540.70    1530      
540.80    1494      
540.90    1476      
541.00    1587      
541.10    1465      
541.20    1489      
541.30    1481      
541.40    1486      
541.50    1485      
541.60    1608      
541.70    1510      
541.80    1567      
541.90    1510      
542.00    1496      
542.10    1678      
542.20    1555      
542.30    1542      
542.40    1497      
542.50    1525      
542.60    1506      
542.70    1508      
542.80    1507      
542.90    1549      
543.00    1528      
543.10    1473      
543.20    1482      
543.30    1512      
543.40    1492      
543.50    1569      
543.60    1516      
543.70    1537      
543.80    1486      
543.90    1488      
544.00    1500      
544.10    1468      
544.20    1462      
544.30    1503      
544.40    1562      
544.50    1513      
544.60    1534      
544.70    1504      
544.80    1476      
544.90    1508      
545.00    1543      
545.10    1464      
545.20    1516      
545.30    1539      
545.40    1571      
545.50    1580      
545.60    1574      
545.70    1550      
545.80    1504      
545.90    1619      
546.00    1527      
546.10    1498      
546.20    1523      
546.30    1472      
546.40    1597      
546.50    1478      
546.60    1727      
546.70    1494      
546.80    1560      
546.90    1480      
547.00    1516      
547.10    1553      
547.20    1516      
547.30    1554      
547.40    1493      
547.50    1528      
547.60    1522      
547.70    1626      
547.80    1521      
547.90    1530      
548.00    1529      
548.10    1489      
548.20    1505      
548.30    1472      
548.40    1492      
548.50    1575      
548.60    1535      
548.70    1555      
548.80    1638      
548.90    1553      
549.00    1482      
549.10    1553      
549.20    1563      
549.30    1592      
549.40    1559      
549.50    1453      
549.60    1498      
549.70    1546      
549.80    1486      
549.90    1454      
550.00    1553      
550.10    1476      
550.20    1450      
550.30    1503      
550.40    1492      
550.50    1535      
550.60    1570      
550.70    1498      
550.80    1477      
550.90    1476      
551.00    1475      
551.10    1503      
551.20    1493      
551.30    1604      
551.40    1496      
551.50    1553      
551.60    1592      
551.70    1639      
551.80    1535      
551.90    1469      
552.00    1447      
552.10    1437      
552.20    1530      
552.30    1494      
552.40    1499      
552.50    1517      
552.60    1513      
552.70    1498      
552.80    1508      
552.90    1493      
553.00    1505      
553.10    1501      
553.20    1497      
553.30    1550      
553.40    1471      
553.50    1494      
553.60    1562      
553.70    1479      
553.80    1549      
553.90    1506      
554.00    1541      
554.10    1511      
554.20    1497      
554.30    1525      
554.40    1501      
554.50    1620      
554.60    1511      
554.70    1483      
554.80    1471      
554.90    1520      
555.00    1501      
555.10    1501      
555.20    1578      
555.30    1496      
555.40    1516      
555.50    1497      
555.60    1472      
555.70    1464      
555.80    1491      
555.90    1494      
556.00    1522      
556.10    1498      
556.20    1492      
556.30    1491      
556.40    1592      
556.50    1523      
556.60    1486      
556.70    1499      
556.80    1523      
556.90    1470      
557.00    1492      
557.10    1528      
557.20    1483      
557.30    1495      
557.40    1515      
557.50    1593      
557.60    1506      
557.70    1504      
557.80    1533      
557.90    1522      
558.00    1466      
558.10    1509      
558.20    1621      
558.30    1504      
558.40    1574      
558.50    1505      
558.60    1491      
558.70    1495      
558.80    1508      
558.90    1547      
559.00    1486      
559.10    1493      
559.20    1501      
559.30    1577      
559.40    1606      
559.50    1555      
559.60    1450      
559.70    1500      
559.80    1491      
559.90    1512      
560.00    1543      
560.10    1614      
560.20    1470      
560.30    1479      
560.40    1464      
560.50    1542      
560.60    1519      
560.70    1481      
560.80    1495      
560.90    1484      
561.00    1626      
561.10    1535      
561.20    1469      
561.30    1501      
561.40    1464      
561.50    1511      
561.60    1507      
561.70    1559      
561.80    1476      
561.90    1451      
562.00    1572      
562.10    1490      
562.20    1483      
562.30    1451      
562.40    1559      
562.50    1513      
562.60    1536      
562.70    1506      
562.80    1544      
562.90    1581      
563.00    1483      
563.10    1453      
563.20    1533      
563.30    1465      
563.40    1503      
563.50    1512      
563.60    1491      
563.70    1496      
563.80    1490      
563.90    1560      
564.00    1486      
564.10    1493      
564.20    1496      
564.30    1531      
564.40    1467      
564.50    1474      
564.60    1515      
564.70    1449      
564.80    1545      
564.90    1484      
565.00    1540      
565.10    1599      
565.20    1548      
565.30    1487      
565.40    1455      
565.50    1468      
565.60    1508      
565.70    1482      
565.80    1480      
565.90    1518      
566.00    1534      
566.10    1491      
566.20    1483      
566.30    1490      
566.40    1478      
566.50    1515      
566.60    1504      
566.70    1517      
566.80    1498      
566.90    1481      
567.00    1512      
567.10    1485      
567.20    1499      
567.30    1497      
567.40    1496      
567.50    1566      
567.60    1570      
567.70    1495      
567.80    1483      
567.90    1570      
568.00    1561      
568.10    1474      
568.20    1511      
568.30    1637      
568.40    1532      
568.50    1452      
568.60    1463      
568.70    1470      
568.80    1555      
568.90    1479      
569.00    1525      
569.10    1458      
569.20    1458      
569.30    1561      
569.40    1481      
569.50    1528      
569.60    1517      
569.70    1516      
569.80    1485      
569.90    1474      
570.00    1483      
570.10    1494      
570.20    1504      
570.30    1517      
570.40    1463      
570.50    1504      
570.60    1539      
570.70    1486      
570.80    1469      
570.90    1511      
571.00    1481      
571.10    1600      
571.20    1511      
571.30    1534      
571.40    1524      
571.50    1482      
571.60    1470      
571.70    1439      
571.80    1494      
571.90    1519      
572.00    1463      
572.10    1484      
572.20    1685      
572.30    1453      
572.40    1484      
572.50    1563      
572.60    1463      
572.70    1567      
572.80    1521      
572.90    1541      
573.00    1510      
573.10    1510      
573.20    1484      
573.30    1480      
573.40    1504      
573.50    1501      
573.60    1466      
573.70    1486      
573.80    1451      
573.90    1570      
574.00    1438      
574.10    1527      
574.20    1489      
574.30    1572      
574.40    1543      
574.50    1465      
574.60    1471      
574.70    1476      
574.80    1443      
574.90    1496      
575.00    1475      
575.10    1500      
575.20    1482      
575.30    1508      
575.40    1542      
575.50    1490      
575.60    1497      
575.70    1622      
575.80    1477      
575.90    1479      
576.00    1441      
576.10    1497      
576.20    1468      
576.30    1487      
576.40    1506      
576.50    1449      
576.60    1499      
576.70    1499      
576.80    1442      
576.90    1552      
577.00    1444      
577.10    1480      
577.20    1463      
577.30    1461      
577.40    1506      
577.50    1469      
577.60    1485      
577.70    1481      
577.80    1565      
577.90    1505      
578.00    1428      
578.10    1468      
578.20    1458      
578.30    1427      
578.40    1458      
578.50    1476      
578.60    1478      
578.70    1553      
578.80    1422      
578.90    1429      
579.00    1445      
579.10    1452      
579.20    1411      
579.30    1436      
579.40    1454      
579.50    1437      
579.60    1492      
579.70    1447      
579.80    1475      
579.90    1664      
580.00    1467      
580.10    1500      
580.20    1445      
580.30    1508      
580.40    1467      
580.50    1459      
580.60    1502      
580.70    1469      
580.80    1451      
580.90    1463      
581.00    1546      
581.10    1428      
581.20    1505      
581.30    1433      
581.40    1507      
581.50    1546      
581.60    1492      
581.70    1421      
581.80    1484      
581.90    1425      
582.00    1480      
582.10    1444      
582.20    1544      
582.30    1453      
582.40    1438      
582.50    1488      
582.60    1444      
582.70    1463      
582.80    1443      
582.90    1440      
583.00    1445      
583.10    1468      
583.20    1513      
583.30    1443      
583.40    1442      
583.50    1465      
583.60    1548      
583.70    1437      
583.80    1462      
583.90    1408      
584.00    1421      
584.10    1478      
584.20    1437      
584.30    1508      
584.40    1470      
584.50    1412      
584.60    1503      
584.70    1433      
584.80    1442      
584.90    1456      
585.00    1459      
585.10    1474      
585.20    1451      
585.30    1448      
585.40    1444      
585.50    1465      
585.60    1512      
585.70    1488      
585.80    1483      
585.90    1523      
586.00    1426      
586.10    1422      
586.20    1571      
586.30    1558      
586.40    1426      
586.50    1418      
586.60    1436      
586.70    1460      
586.80    1526      
586.90    1452      
587.00    1425      
587.10    1420      
587.20    1427      
587.30    1452      
587.40    1544      
587.50    1441      
587.60    1425      
587.70    1452      
587.80    1419      
587.90    1440      
588.00    1405      
588.10    1580      
588.20    1398      
588.30    1498      
588.40    1401      
588.50    1445      
588.60    1627      
588.70    1451      
588.80    1453      
588.90    1454      
589.00    1426      
589.10    1481      
589.20    1512      
589.30    1400      
589.40    1512      
589.50    1463      
589.60    1425      
589.70    1449      
589.80    1399      
589.90    1475      
590.00    1413      
590.10    1391      
590.20    1469      
590.30    1468      
590.40    1452      
590.50    1597      
590.60    1484      
590.70    1441      
590.80    1404      
590.90    1401      
591.00    1407      
591.10    1383      
591.20    1414      
591.30    1467      
591.40    1400      
591.50    1437      
591.60    1444      
591.70    1453      
591.80    1523      
591.90    1405      
592.00    1446      
592.10    1427      
592.20    1427      
592.30    1415      
592.40    1435      
592.50    1468      
592.60    1493      
592.70    1436      
592.80    1420      
592.90    1403      
593.00    1461      
593.10    1510      
593.20    1371      
593.30    1413      
593.40    1527      
593.50    1433      
593.60    1409      
593.70    1480      
593.80    1465      
593.90    1503      
594.00    1449      
594.10    1414      
594.20    1425      
594.30    1420      
594.40    1429      
594.50    1520      
594.60    1600      
594.70    1427      
594.80    1393      
594.90    1497      
595.00    1452      
595.10    1420      
595.20    1387      
595.30    1382      
595.40    1440      
595.50    1408      
595.60    1513      
595.70    1435      
595.80    1408      
595.90    1418      
596.00    1471      
596.10    1395      
596.20    1376      
596.30    1437      
596.40    1392      
596.50    1459      
596.60    1418      
596.70    1458      
596.80    1408      
596.90    1403      
597.00    1522      
597.10    1383      
597.20    1415      
597.30    1405      
597.40    1437      
597.50    1411      
597.60    1382      
597.70    1576      
597.80    1386      
597.90    1423      
598.00    1446      
598.10    1430      
598.20    1436      
598.30    1417      
598.40    1395      
598.50    1418      
598.60    1391      
598.70    1402      
598.80    1419      
598.90    1408      
599.00    1525      
599.10    1385      
599.20    1401      
599.30    1383      
599.40    1389      
599.50    1546      
599.60    1401      
599.70    1413      
599.80    1381      
599.90    1479      
600.00    1413      
600.10    1406      
600.20    1400      
600.30    1355      
600.40    1472      
600.50    1379      
600.60    1390      
600.70    1383      
600.80    1476      
600.90    1400      
601.00    1398      
601.10    1399      
601.20    1379      
601.30    1418      
601.40    1512      
601.50    1358      
601.60    1476      
601.70    1412      
601.80    1429      
601.90    1437      
602.00    1377      
602.10    1393      
602.20    1490      
602.30    1417      
602.40    1351      
602.50    1393      
602.60    1422      
602.70    1376      
602.80    1404      
602.90    1363      
603.00    1377      
603.10    1420      
603.20    1431      
603.30    1424      
603.40    1390      
603.50    1383      
603.60    1424      
603.70    1405      
603.80    1445      
603.90    1424      
604.00    1440      
604.10    1434      
604.20    1468      
604.30    1391      
604.40    1370      
604.50    1378      
604.60    1340      
604.70    1387      
604.80    1542      
604.90    1367      
605.00    1462      
605.10    1390      
605.20    1407      
605.30    1473      
605.40    1405      
605.50    1489      
605.60    1416      
605.70    1393      
605.80    1479      
605.90    1448      
606.00    1362      
606.10    1389      
606.20    1374      
606.30    1372      
606.40    1351      
606.50    1436      
606.60    1415      
606.70    1392      
606.80    1398      
606.90    1330      
607.00    1345      
607.10    1358      
607.20    1425      
607.30    1406      
607.40    1527      
607.50    1369      
607.60    1411      
607.70    1386      
607.80    1374      
607.90    1424      
608.00    1381      
608.10    1385      
608.20    1401      
608.30    1382      
608.40    1394      
608.50    1398      
608.60    1362      
608.70    1340      
608.80    1342      
608.90    1392      
609.00    1381      
609.10    1352      
609.20    1349      
609.30    1382      
609.40    1441      
609.50    1382      
609.60    1431      
609.70    1364      
609.80    1471      
609.90    1383      
610.00    1372      
610.10    1404      
610.20    1352      
610.30    1389      
610.40    1457      
610.50    1359      
610.60    1445      
610.70    1342      
610.80    1367      
610.90    1389      
611.00    1331      
611.10    1407      
611.20    1311      
611.30    1329      
611.40    1397      
611.50    1413      
611.60    1441      
611.70    1348      
611.80    1388      
611.90    1403      
612.00    1347      
612.10    1362      
612.20    1354      
612.30    1375      
612.40    1395      
612.50    1379      
612.60    1318      
612.70    1424      
612.80    1372      
612.90    1360      
613.00    1432      
613.10    1365      
613.20    1458      
613.30    1357      
613.40    1416      
613.50    1349      
613.60    1312      
613.70    1360      
613.80    1408      
613.90    1396      
614.00    1343      
614.10    1317      
614.20    1351      
614.30    1369      
614.40    1307      
614.50    1357      
614.60    1327      
614.70    1398      
614.80    1441      
614.90    1360      
615.00    1356      
615.10    1356      
615.20    1342      
615.30    1351      
615.40    1317      
615.50    1342      
615.60    1342      
615.70    1366      
615.80    1329      
615.90    1342      
616.00    1336      
616.10    1344      
616.20    1333      
616.30    1360      
616.40    1299      
616.50    1318      
616.60    1449      
616.70    1319      
616.80    1356      
616.90    1427      
617.00    1472      
617.10    1327      
617.20    1314      
617.30    1307      
617.40    1304      
617.50    1365      
617.60    1337      
617.70    1410      
617.80    1374      
617.90    1403      
618.00    1317      
618.10    1302      
618.20    1357      
618.30    1306      
618.40    1310      
618.50    1391      
618.60    1328      
618.70    1380      
618.80    1361      
618.90    1288      
619.00    1448      
619.10    1374      
619.20    1379      
619.30    1320      
619.40    1289      
619.50    1446      
619.60    1358      
619.70    1276      
619.80    1337      
619.90    1317      
620.00    1337      
620.10    1384      
620.20    1403      
620.30    1426      
620.40    1303      
620.50    1315      
620.60    1380      
620.70    1266      
620.80    1280      
620.90    1303      
621.00    1332      
621.10    1356      
621.20    1356      
621.30    1332      
621.40    1309      
621.50    1286      
621.60    1295      
621.70    1336      
621.80    1277      
621.90    1331      
622.00    1313      
622.10    1303      
622.20    1323      
622.30    1293      
622.40    1375      
622.50    1301      
622.60    1294      
622.70    1325      
622.80    1257      
622.90    1329      
623.00    1290      
623.10    1354      
623.20    1328      
623.30    1299      
623.40    1387      
623.50    1327      
623.60    1290      
623.70    1355      
623.80    1311      
623.90    1291      
624.00    1294      
624.10    1356      
624.20    1358      
624.30    1317      
624.40    1291      
624.50    1373      
624.60    1311      
624.70    1320      
624.80    1346      
624.90    1325      
625.00    1264      
625.10    1337      
625.20    1282      
625.30    1246      
625.40    1296      
625.50    1339      
625.60    1305      
625.70    1279      
625.80    1275      
625.90    1342      
626.00    1257      
626.10    1256      
626.20    1283      
626.30    1289      
626.40    1295      
626.50    1300      
626.60    1309      
626.70    1286      
626.80    1275      
626.90    1311      
627.00    1275      
627.10    1309      
627.20    1293      
627.30    1373      
627.40    1323      
627.50    1279      
627.60    1304      
627.70    1254      
627.80    1288      
627.90    1257      
628.00    1375      
628.10    1285      
628.20    1274      
628.30    1314      
628.40    1352      
628.50    1291      
628.60    1368      
628.70    1290      
628.80    1278      
628.90    1228      
629.00    1293      
629.10    1243      
629.20    1242      
629.30    1311      
629.40    1286      
629.50    1359      
629.60    1268      
629.70    1231      
629.80    1286      
629.90    1260      
630.00    1249      
630.10    1281      
630.20    1267      
630.30    1218      
630.40    1259      
630.50    1289      
630.60    1236      
630.70    1277      
630.80    1233      
630.90    1249      
631.00    1227      
631.10    1236      
631.20    1262      
631.30    1284      
631.40    1233      
631.50    1224      
631.60    1288      
631.70    1351      
631.80    1270      
631.90    1253      
632.00    1243      
632.10    1291      
632.20    1283      
632.30    1261      
632.40    1305      
632.50    1344      
632.60    1246      
632.70    1281      
632.80    1261      
632.90    1263      
633.00    1270      
633.10    1285      
633.20    1395      
633.30    1231      
633.40    1254      
633.50    1221      
633.60    1303      
633.70    1292      
633.80    1250      
633.90    1271      
634.00    1216      
634.10    1294      
634.20    1217      
634.30    1382      
634.40    1220      
634.50    1261      
634.60    1245      
634.70    1261      
634.80    1211      
634.90    1231      
635.00    1294      
635.10    1224      
635.20    1254      
635.30    1197      
635.40    1317      
635.50    1302      
635.60    1341      
635.70    1262      
635.80    1293      
635.90    1391      
636.00    1224      
636.10    1258      
636.20    1245      
636.30    1227      
636.40    1303      
636.50    1194      
636.60    1237      
636.70    1234      
636.80    1296      
636.90    1334      
637.00    1210      
637.10    1261      
637.20    1247      
637.30    1306      
637.40    1207      
637.50    1236      
637.60    1222      
637.70    1257      
637.80    1262      
637.90    1231      
638.00    1199      
638.10    1204      
638.20    1217      
638.30    1207      
638.40    1294      
638.50    1235      
638.60    1192      
638.70    1217      
638.80    1188      
638.90    1306      
639.00    1217      
639.10    1278      
639.20    1249      
639.30    1197      
639.40    1224      
639.50    1236      
639.60    1281      
639.70    1249      
639.80    1224      
639.90    1243      
640.00    1261      
640.10    1252      
640.20    1274      
640.30    1207      
640.40    1223      
640.50    1267      
640.60    1237      
640.70    1218      
640.80    1214      
640.90    1249      
641.00    1214      
641.10    1223      
641.20    1247      
641.30    1298      
641.40    1212      
641.50    1170      
641.60    1177      
641.70    1260      
641.80    1284      
641.90    1165      
642.00    1396      
642.10    1210      
642.20    1304      
642.30    1183      
642.40    1228      
642.50    1333      
642.60    1175      
642.70    1249      
642.80    1170      
642.90    1176      
643.00    1173      
643.10    1315      
643.20    1305      
643.30    1243      
643.40    1194      
643.50    1163      
643.60    1156      
643.70    1159      
643.80    1167      
643.90    1268      
644.00    1162      
644.10    1191      
644.20    1172      
644.30    1159      
644.40    1160      
644.50    1199      
644.60    1174      
644.70    1172      
644.80    1265      
644.90    1156      
645.00    1225      
645.10    1192      
645.20    1159      
645.30    1202      
645.40    1202      
645.50    1190      
645.60    1242      
645.70    1283      
645.80    1290      
645.90    1199      
646.00    1195      
646.10    1174      
646.20    1204      
646.30    1204      
646.40    1184      
646.50    1133      
646.60    1236      
646.70    1148      
646.80    1246      
646.90    1296      
647.00    1168      
647.10    1157      
647.20    1262      
647.30    1199      
647.40    1149      
647.50    1175      
647.60    1288      
647.70    1171      
647.80    1130      
647.90    1170      
648.00    1138      
648.10    1148      
648.20    1197      
648.30    1182      
648.40    1244      
648.50    1169      
648.60    1205      
648.70    1156      
648.80    1145      
648.90    1196      
649.00    1136      
649.10    1147      
649.20    1239      
649.30    1201      
649.40    1264      
649.50    1144      
649.60    1183      
649.70    1147      
649.80    1190      
649.90    1124      
650.00    1211      
650.10    1207      
650.20    1162      
650.30    1143      
650.40    1191      
650.50    1203      
650.60    1206      
650.70    1167      
650.80    1119      
650.90    1199      
651.00    1183      
651.10    1250      
651.20    1110      
651.30    1153      
651.40    1143      
651.50    1262      
651.60    1191      
651.70    1102      
651.80    1185      
651.90    1114      
652.00    1261      
652.10    1157      
652.20    1156      
652.30    1158      
652.40    1111      
652.50    1135      
652.60    1153      
652.70    1124      
652.80    1121      
652.90    1222      
653.00    1124      
653.10    1135      
653.20    1167      
653.30    1207      
653.40    1239      
653.50    1123      
653.60    1234      
653.70    1153      
653.80    1139      
653.90    1159      
654.00    1117      
654.10    1134      
654.20    1149      
654.30    1200      
654.40    1108      
654.50    1125      
654.60    1153      
654.70    1196      
654.80    1134      
654.90    1118      
655.00    1164      
655.10    1111      
655.20    1232      
655.30    1118      
655.40    1220      
655.50    1131      
655.60    1248      
655.70    1132      
655.80    1111      
655.90    1101      
656.00    1115      
656.10    1134      
656.20    1212      
656.30    1132      
656.40    1118      
656.50    1221      
656.60    1207      
656.70    1085      
656.80    1177      
656.90    1093      
657.00    1115      
657.10    1104      
657.20    1105      
657.30    1139      
657.40    1104      
657.50    1086      
657.60    1215      
657.70    1096      
657.80    1087      
657.90    1283      
658.00    1167      
658.10    1113      
658.20    1129      
658.30    1089      
658.40    1037      
658.50    1073      
658.60    1067      
658.70    1075      
658.80    1155      
658.90    1095      
659.00    1107      
659.10    1076      
659.20    1109      
659.30    1080      
659.40    1024      
659.50    1072      
659.60    1139      
659.70    1077      
659.80    1065      
659.90    1077      
660.00    1182      
660.10    1055      
660.20    1098      
660.30    1062      
660.40    1053      
660.50    1169      
660.60    1077      
660.70    1096      
660.80    1072      
660.90    1056      
661.00    1015      
661.10    1052      
661.20    991       
661.30    987       
661.40    1023      
661.50    1030      
661.60    1005      
661.70    1075      
661.80    1041      
661.90    1041      
662.00    1030      
662.10    1037      
662.20    1027      
662.30    1073      
662.40    1090      
662.50    1019      
662.60    1070      
662.70    1045      
662.80    1162      
662.90    1090      
663.00    1021      
663.10    1066      
663.20    1061      
663.30    1095      
663.40    1023      
663.50    1053      
663.60    1131      
663.70    1042      
663.80    1131      
663.90    1067      
664.00    1050      
664.10    1108      
664.20    1039      
664.30    1064      
664.40    1051      
664.50    1038      
664.60    1061      
664.70    1054      
664.80    1072      
664.90    1047      
665.00    1100      
665.10    1090      
665.20    1044      
665.30    1137      
665.40    1095      
665.50    1049      
665.60    1165      
665.70    1208      
665.80    1116      
665.90    1082      
666.00    1178      
666.10    1057      
666.20    1125      
666.30    1096      
666.40    1072      
666.50    1141      
666.60    1123      
666.70    1281      
666.80    1169      
666.90    1186      
667.00    1111      
667.10    1044      
667.20    1158      
667.30    1159      
667.40    1109      
667.50    1133      
667.60    1234      
667.70    1086      
667.80    1181      
667.90    1129      
668.00    1101      
668.10    1194      
668.20    1089      
668.30    1152      
668.40    1115      
668.50    1192      
668.60    1110      
668.70    1183      
668.80    1139      
668.90    1179      
669.00    1169      
669.10    1127      
669.20    1114      
669.30    1122      
669.40    1107      
669.50    1149      
669.60    1104      
669.70    1093      
669.80    1109      
669.90    1107      
670.00    1094      
670.10    1174      
670.20    1142      
670.30    1091      
670.40    1162      
670.50    1154      
670.60    1127      
670.70    1106      
670.80    1122      
670.90    1133      
671.00    1155      
671.10    1117      
671.20    1141      
671.30    1155      
671.40    1178      
671.50    1110      
671.60    1106      
671.70    1097      
671.80    1149      
671.90    1215      
672.00    1262      
672.10    1180      
672.20    1240      
672.30    1185      
672.40    1209      
672.50    1189      
672.60    1108      
672.70    1128      
672.80    1141      
672.90    1158      
673.00    1175      
673.10    1130      
673.20    1162      
673.30    1144      
673.40    1145      
673.50    1190      
673.60    1123      
673.70    1130      
673.80    1122      
673.90    1141      
674.00    1164      
674.10    1178      
674.20    1159      
674.30    1187      
674.40    1131      
674.50    1178      
674.60    1180      
674.70    1156      
674.80    1148      
674.90    1140      
675.00    1218      
675.10    1184      
675.20    1151      
675.30    1218      
675.40    1196      
675.50    1167      
675.60    1200      
675.70    1291      
675.80    1153      
675.90    1197      
676.00    1182      
676.10    1157      
676.20    1195      
676.30    1141      
676.40    1175      
676.50    1223      
676.60    1188      
676.70    1313      
676.80    1150      
676.90    1193      
677.00    1141      
677.10    1212      
677.20    1165      
677.30    1151      
677.40    1186      
677.50    1164      
677.60    1161      
677.70    1164      
677.80    1173      
677.90    1159      
678.00    1205      
678.10    1137      
678.20    1152      
678.30    1145      
678.40    1217      
678.50    1161      
678.60    1149      
678.70    1193      
678.80    1256      
678.90    1145      
679.00    1181      
679.10    1173      
679.20    1220      
679.30    1181      
679.40    1206      
679.50    1192      
679.60    1216      
679.70    1169      
679.80    1168      
679.90    1189      
680.00    1174      
680.10    1162      
680.20    1219      
680.30    1203      
680.40    1161      
680.50    1188      
680.60    1156      
680.70    1255      
680.80    1349      
680.90    1345      
681.00    1148      
681.10    1249      
681.20    1180      
681.30    1222      
681.40    1161      
681.50    1202      
681.60    1212      
681.70    1171      
681.80    1148      
681.90    1182      
682.00    1209      
682.10    1175      
682.20    1319      
682.30    1223      
682.40    1164      
682.50    1177      
682.60    1210      
682.70    1150      
682.80    1169      
682.90    1205      
683.00    1235      
683.10    1213      
683.20    1179      
683.30    1179      
683.40    1163      
683.50    1195      
683.60    1191      
683.70    1234      
683.80    1176      
683.90    1214      
684.00    1188      
684.10    1189      
684.20    1128      
684.30    1196      
684.40    1196      
684.50    1163      
684.60    1157      
684.70    1243      
684.80    1175      
684.90    1283      
685.00    1214      
685.10    1275      
685.20    1174      
685.30    1200      
685.40    1153      
685.50    1210      
685.60    1170      
685.70    1160      
685.80    1268      
685.90    1182      
686.00    1360      
686.10    1140      
686.20    1196      
686.30    1199      
686.40    1164      
686.50    1175      
686.60    1153      
686.70    1183      
686.80    1225      
686.90    1166      
687.00    1222      
687.10    1230      
687.20    1148      
687.30    1119      
687.40    1152      
687.50    1337      
687.60    1185      
687.70    1163      
687.80    1162      
687.90    1278      
688.00    1221      
688.10    1245      
688.20    1178      
688.30    1194      
688.40    1210      
688.50    1178      
688.60    1157      
688.70    1256      
688.80    1167      
688.90    1210      
689.00    1141      
689.10    1210      
689.20    1148      
689.30    1202      
689.40    1178      
689.50    1151      
689.60    1250      
689.70    1190      
689.80    1143      
689.90    1166      
690.00    1181      
690.10    1165      
690.20    1240      
690.30    1148      
690.40    1162      
690.50    1149      
690.60    1169      
690.70    1178      
690.80    1162      
690.90    1196      
691.00    1225      
691.10    1153      
691.20    1223      
691.30    1134      
691.40    1179      
691.50    1214      
691.60    1163      
691.70    1141      
691.80    1132      
691.90    1140      
692.00    1210      
692.10    1182      
692.20    1176      
692.30    1148      
692.40    1112      
692.50    1133      
692.60    1178      
692.70    1180      
692.80    1187      
692.90    1199      
693.00    1184      
693.10    1153      
693.20    1173      
693.30    1156      
693.40    1125      
693.50    1162      
693.60    1189      
693.70    1234      
693.80    1096      
693.90    1205      
694.00    1144      
694.10    1136      
694.20    1176      
694.30    1167      
694.40    1186      
694.50    1120      
694.60    1123      
694.70    1209      
694.80    1145      
694.90    1125      
695.00    1246      
695.10    1184      
695.20    1237      
695.30    1195      
695.40    1125      
695.50    1133      
695.60    1116      
695.70    1157      
695.80    1135      
695.90    1117      
696.00    1203      
696.10    1153      
696.20    1118      
696.30    1179      
696.40    1177      
696.50    1244      
696.60    1096      
696.70    1135      
696.80    1136      
696.90    1151      
697.00    1149      
697.10    1145      
697.20    1141      
697.30    1223      
697.40    1188      
697.50    1134      
697.60    1089      
697.70    1161      
697.80    1201      
697.90    1101      
698.00    1165      
698.10    1113      
698.20    1181      
698.30    1197      
698.40    1192      
698.50    1211      
698.60    1091      
698.70    1132      
698.80    1181      
698.90    1128      
699.00    1226      
699.10    1129      
699.20    1148      
699.30    1162      
699.40    1122      
699.50    1082      
699.60    1113      
699.70    1086      
699.80    1119      
699.90    1188      
700.00    1102      
