Wavelength    Value    
350.00    832       
350.10    941       
350.20    869       
350.30    777       
350.40    829       
350.50    887       
350.60    832       
350.70    886       
350.80    830       
350.90    817       
351.00    786       
351.10    809       
351.20    831       
351.30    777       
351.40    832       
351.50    778       
351.60    769       
351.70    843       
351.80    826       
351.90    781       
352.00    861       
352.10    796       
352.20    821       
352.30    804       
352.40    769       
352.50    898       
352.60    839       
352.70    809       
352.80    778       
352.90    768       
353.00    833       
353.10    826       
353.20    800       
353.30    807       
353.40    917       
353.50    831       
353.60    924       
353.70    828       
353.80    844       
353.90    825       
354.00    762       
354.10    776       
354.20    837       
354.30    790       
354.40    821       
354.50    811       
354.60    836       
354.70    834       
354.80    802       
354.90    803       
355.00    768       
355.10    775       
355.20    807       
355.30    818       
355.40    762       
355.50    874       
355.60    919       
355.70    786       
355.80    911       
355.90    770       
356.00    821       
356.10    792       
356.20    746       
356.30    815       
356.40    878       
356.50    765       
356.60    769       
356.70    849       
356.80    857       
356.90    874       
357.00    811       
357.10    787       
357.20    779       
357.30    805       
357.40    774       
357.50    909       
357.60    850       
357.70    804       
357.80    800       
357.90    793       
358.00    857       
358.10    911       
358.20    795       
358.30    749       
358.40    728       
358.50    829       
358.60    756       
358.70    777       
358.80    771       
358.90    820       
359.00    826       
359.10    817       
359.20    788       
359.30    794       
359.40    803       
359.50    762       
359.60    774       
359.70    798       
359.80    803       
359.90    847       
360.00    822       
360.10    768       
360.20    871       
360.30    842       
360.40    811       
360.50    822       
360.60    817       
360.70    780       
360.80    755       
360.90    804       
361.00    837       
361.10    766       
361.20    830       
361.30    866       
361.40    799       
361.50    846       
361.60    838       
361.70    755       
361.80    779       
361.90    755       
362.00    791       
362.10    829       
362.20    832       
362.30    800       
362.40    988       
362.50    827       
362.60    832       
362.70    810       
362.80    787       
362.90    791       
363.00    795       
363.10    835       
363.20    775       
363.30    823       
363.40    797       
363.50    838       
363.60    793       
363.70    795       
363.80    817       
363.90    773       
364.00    786       
364.10    850       
364.20    806       
364.30    757       
364.40    800       
364.50    812       
364.60    821       
364.70    826       
364.80    782       
364.90    802       
365.00    773       
365.10    797       
365.20    769       
365.30    806       
365.40    777       
365.50    757       
365.60    850       
365.70    834       
365.80    803       
365.90    812       
366.00    817       
366.10    787       
366.20    781       
366.30    788       
366.40    832       
366.50    821       
366.60    795       
366.70    784       
366.80    872       
366.90    873       
367.00    867       
367.10    806       
367.20    802       
367.30    774       
367.40    801       
367.50    831       
367.60    809       
367.70    836       
367.80    856       
367.90    792       
368.00    828       
368.10    770       
368.20    834       
368.30    787       
368.40    796       
368.50    801       
368.60    817       
368.70    842       
368.80    783       
368.90    822       
369.00    822       
369.10    807       
369.20    879       
369.30    857       
369.40    810       
369.50    791       
369.60    848       
369.70    784       
369.80    777       
369.90    801       
370.00    847       
370.10    812       
370.20    893       
370.30    819       
370.40    770       
370.50    796       
370.60    802       
370.70    832       
370.80    821       
370.90    787       
371.00    801       
371.10    812       
371.20    785       
371.30    812       
371.40    837       
371.50    834       
371.60    774       
371.70    808       
371.80    838       
371.90    775       
372.00    777       
372.10    823       
372.20    823       
372.30    795       
372.40    870       
372.50    846       
372.60    820       
372.70    832       
372.80    753       
372.90    746       
373.00    790       
373.10    781       
373.20    798       
373.30    872       
373.40    811       
373.50    844       
373.60    844       
373.70    853       
373.80    799       
373.90    790       
374.00    832       
374.10    835       
374.20    819       
374.30    832       
374.40    864       
374.50    820       
374.60    852       
374.70    800       
374.80    793       
374.90    781       
375.00    828       
375.10    754       
375.20    792       
375.30    752       
375.40    899       
375.50    859       
375.60    845       
375.70    863       
375.80    815       
375.90    805       
376.00    795       
376.10    779       
376.20    778       
376.30    795       
376.40    858       
376.50    799       
376.60    789       
376.70    781       
376.80    842       
376.90    762       
377.00    798       
377.10    780       
377.20    754       
377.30    817       
377.40    841       
377.50    805       
377.60    826       
377.70    799       
377.80    844       
377.90    870       
378.00    841       
378.10    816       
378.20    781       
378.30    814       
378.40    781       
378.50    869       
378.60    802       
378.70    747       
378.80    780       
378.90    837       
379.00    826       
379.10    842       
379.20    783       
379.30    765       
379.40    830       
379.50    810       
379.60    801       
379.70    873       
379.80    806       
379.90    829       
380.00    854       
380.10    780       
380.20    806       
380.30    782       
380.40    804       
380.50    782       
380.60    766       
380.70    779       
380.80    799       
380.90    842       
381.00    790       
381.10    838       
381.20    810       
381.30    766       
381.40    748       
381.50    799       
381.60    791       
381.70    762       
381.80    838       
381.90    790       
382.00    858       
382.10    814       
382.20    809       
382.30    777       
382.40    850       
382.50    809       
382.60    862       
382.70    870       
382.80    786       
382.90    777       
383.00    773       
383.10    803       
383.20    796       
383.30    823       
383.40    782       
383.50    969       
383.60    886       
383.70    802       
383.80    823       
383.90    813       
384.00    916       
384.10    764       
384.20    780       
384.30    784       
384.40    914       
384.50    804       
384.60    796       
384.70    813       
384.80    790       
384.90    772       
385.00    827       
385.10    920       
385.20    771       
385.30    803       
385.40    771       
385.50    883       
385.60    787       
385.70    874       
385.80    782       
385.90    851       
386.00    817       
386.10    814       
386.20    805       
386.30    818       
386.40    869       
386.50    788       
386.60    862       
386.70    804       
386.80    880       
386.90    766       
387.00    771       
387.10    820       
387.20    798       
387.30    745       
387.40    786       
387.50    790       
387.60    845       
387.70    872       
387.80    835       
387.90    855       
388.00    874       
388.10    771       
388.20    844       
388.30    819       
388.40    811       
388.50    777       
388.60    812       
388.70    793       
388.80    828       
388.90    878       
389.00    868       
389.10    772       
389.20    782       
389.30    806       
389.40    751       
389.50    807       
389.60    855       
389.70    816       
389.80    805       
389.90    863       
390.00    796       
390.10    933       
390.20    954       
390.30    761       
390.40    784       
390.50    780       
390.60    794       
390.70    843       
390.80    756       
390.90    807       
391.00    810       
391.10    884       
391.20    840       
391.30    882       
391.40    811       
391.50    820       
391.60    805       
391.70    815       
391.80    817       
391.90    795       
392.00    858       
392.10    803       
392.20    837       
392.30    865       
392.40    886       
392.50    801       
392.60    853       
392.70    786       
392.80    820       
392.90    792       
393.00    845       
393.10    821       
393.20    773       
393.30    789       
393.40    941       
393.50    790       
393.60    772       
393.70    820       
393.80    785       
393.90    817       
394.00    784       
394.10    826       
394.20    769       
394.30    796       
394.40    790       
394.50    838       
394.60    816       
394.70    831       
394.80    852       
394.90    795       
395.00    755       
395.10    807       
395.20    787       
395.30    823       
395.40    811       
395.50    828       
395.60    815       
395.70    802       
395.80    789       
395.90    812       
396.00    777       
396.10    799       
396.20    790       
396.30    816       
396.40    779       
396.50    808       
396.60    801       
396.70    769       
396.80    752       
396.90    818       
397.00    808       
397.10    839       
397.20    798       
397.30    775       
397.40    775       
397.50    771       
397.60    856       
397.70    801       
397.80    890       
397.90    773       
398.00    772       
398.10    844       
398.20    784       
398.30    772       
398.40    836       
398.50    881       
398.60    846       
398.70    800       
398.80    808       
398.90    871       
399.00    856       
399.10    756       
399.20    802       
399.30    769       
399.40    808       
399.50    844       
399.60    849       
399.70    890       
399.80    755       
399.90    834       
400.00    802       
400.10    777       
400.20    794       
400.30    834       
400.40    815       
400.50    799       
400.60    821       
400.70    763       
400.80    788       
400.90    807       
401.00    841       
401.10    774       
401.20    858       
401.30    846       
401.40    781       
401.50    776       
401.60    787       
401.70    788       
401.80    768       
401.90    749       
402.00    880       
402.10    765       
402.20    915       
402.30    811       
402.40    812       
402.50    847       
402.60    850       
402.70    773       
402.80    817       
402.90    860       
403.00    828       
403.10    814       
403.20    803       
403.30    839       
403.40    934       
403.50    745       
403.60    776       
403.70    761       
403.80    782       
403.90    818       
404.00    792       
404.10    867       
404.20    763       
404.30    836       
404.40    850       
404.50    786       
404.60    783       
404.70    827       
404.80    824       
404.90    878       
405.00    819       
405.10    770       
405.20    818       
405.30    796       
405.40    838       
405.50    790       
405.60    791       
405.70    810       
405.80    762       
405.90    799       
406.00    854       
406.10    790       
406.20    845       
406.30    792       
406.40    788       
406.50    828       
406.60    803       
406.70    827       
406.80    824       
406.90    776       
407.00    765       
407.10    806       
407.20    814       
407.30    863       
407.40    815       
407.50    849       
407.60    793       
407.70    813       
407.80    780       
407.90    785       
408.00    801       
408.10    733       
408.20    815       
408.30    760       
408.40    866       
408.50    788       
408.60    832       
408.70    838       
408.80    771       
408.90    852       
409.00    775       
409.10    780       
409.20    794       
409.30    819       
409.40    804       
409.50    802       
409.60    790       
409.70    845       
409.80    821       
409.90    923       
410.00    811       
410.10    802       
410.20    835       
410.30    769       
410.40    836       
410.50    789       
410.60    831       
410.70    798       
410.80    798       
410.90    797       
411.00    832       
411.10    827       
411.20    773       
411.30    783       
411.40    818       
411.50    788       
411.60    778       
411.70    825       
411.80    808       
411.90    853       
412.00    822       
412.10    803       
412.20    879       
412.30    801       
412.40    835       
412.50    844       
412.60    819       
412.70    810       
412.80    836       
412.90    788       
413.00    859       
413.10    832       
413.20    836       
413.30    905       
413.40    790       
413.50    812       
413.60    768       
413.70    823       
413.80    810       
413.90    852       
414.00    838       
414.10    838       
414.20    844       
414.30    867       
414.40    822       
414.50    829       
414.60    854       
414.70    862       
414.80    843       
414.90    808       
415.00    838       
415.10    822       
415.20    834       
415.30    833       
415.40    848       
415.50    829       
415.60    905       
415.70    865       
415.80    893       
415.90    830       
416.00    905       
416.10    840       
416.20    849       
416.30    938       
416.40    889       
416.50    816       
416.60    816       
416.70    812       
416.80    861       
416.90    833       
417.00    821       
417.10    882       
417.20    849       
417.30    923       
417.40    848       
417.50    878       
417.60    850       
417.70    835       
417.80    836       
417.90    833       
418.00    889       
418.10    815       
418.20    842       
418.30    940       
418.40    898       
418.50    904       
418.60    839       
418.70    888       
418.80    850       
418.90    902       
419.00    879       
419.10    847       
419.20    860       
419.30    883       
419.40    876       
419.50    867       
419.60    860       
419.70    878       
419.80    954       
419.90    871       
420.00    962       
420.10    905       
420.20    877       
420.30    882       
420.40    912       
420.50    980       
420.60    925       
420.70    953       
420.80    1017      
420.90    909       
421.00    854       
421.10    938       
421.20    882       
421.30    905       
421.40    909       
421.50    917       
421.60    1009      
421.70    915       
421.80    961       
421.90    888       
422.00    941       
422.10    928       
422.20    943       
422.30    897       
422.40    977       
422.50    932       
422.60    901       
422.70    906       
422.80    921       
422.90    956       
423.00    915       
423.10    957       
423.20    961       
423.30    961       
423.40    960       
423.50    945       
423.60    908       
423.70    904       
423.80    970       
423.90    959       
424.00    937       
424.10    1014      
424.20    932       
424.30    994       
424.40    907       
424.50    947       
424.60    941       
424.70    934       
424.80    918       
424.90    1019      
425.00    943       
425.10    973       
425.20    981       
425.30    977       
425.40    1049      
425.50    1034      
425.60    1013      
425.70    1000      
425.80    964       
425.90    1014      
426.00    959       
426.10    1021      
426.20    1032      
426.30    1066      
426.40    1021      
426.50    1038      
426.60    995       
426.70    1032      
426.80    1017      
426.90    1013      
427.00    1010      
427.10    1039      
427.20    1108      
427.30    1062      
427.40    1043      
427.50    1065      
427.60    1100      
427.70    1137      
427.80    1087      
427.90    1072      
428.00    1054      
428.10    1038      
428.20    1134      
428.30    1106      
428.40    1127      
428.50    1156      
428.60    1112      
428.70    1136      
428.80    1098      
428.90    1077      
429.00    1067      
429.10    1132      
429.20    1178      
429.30    1150      
429.40    1217      
429.50    1153      
429.60    1111      
429.70    1206      
429.80    1174      
429.90    1156      
430.00    1206      
430.10    1159      
430.20    1151      
430.30    1283      
430.40    1199      
430.50    1194      
430.60    1338      
430.70    1193      
430.80    1201      
430.90    1236      
431.00    1251      
431.10    1232      
431.20    1239      
431.30    1233      
431.40    1281      
431.50    1224      
431.60    1263      
431.70    1283      
431.80    1269      
431.90    1360      
432.00    1281      
432.10    1299      
432.20    1265      
432.30    1314      
432.40    1294      
432.50    1320      
432.60    1341      
432.70    1347      
432.80    1374      
432.90    1383      
433.00    1437      
433.10    1392      
433.20    1372      
433.30    1364      
433.40    1377      
433.50    1398      
433.60    1406      
433.70    1466      
433.80    1427      
433.90    1387      
434.00    1431      
434.10    1508      
434.20    1561      
434.30    1543      
434.40    1471      
434.50    1481      
434.60    1470      
434.70    1539      
434.80    1506      
434.90    1518      
435.00    1529      
435.10    1495      
435.20    1538      
435.30    1554      
435.40    1622      
435.50    1647      
435.60    1560      
435.70    1586      
435.80    1659      
435.90    1624      
436.00    1632      
436.10    1615      
436.20    1675      
436.30    1691      
436.40    1632      
436.50    1659      
436.60    1678      
436.70    1684      
436.80    1698      
436.90    1725      
437.00    1707      
437.10    1749      
437.20    1767      
437.30    1779      
437.40    1802      
437.50    1771      
437.60    1803      
437.70    1778      
437.80    1828      
437.90    1804      
438.00    1837      
438.10    1803      
438.20    1938      
438.30    1924      
438.40    1881      
438.50    1966      
438.60    1904      
438.70    1880      
438.80    1927      
438.90    1931      
439.00    1973      
439.10    2083      
439.20    1921      
439.30    2080      
439.40    2028      
439.50    2006      
439.60    2059      
439.70    2083      
439.80    2095      
439.90    2051      
440.00    2095      
440.10    2133      
440.20    2223      
440.30    2145      
440.40    2269      
440.50    2293      
440.60    2263      
440.70    2212      
440.80    2258      
440.90    2310      
441.00    2306      
441.10    2294      
441.20    2345      
441.30    2390      
441.40    2399      
441.50    2420      
441.60    2487      
441.70    2465      
441.80    2564      
441.90    2472      
442.00    2504      
442.10    2524      
442.20    2538      
442.30    2591      
442.40    2729      
442.50    2601      
442.60    2680      
442.70    2724      
442.80    2721      
442.90    2813      
443.00    2758      
443.10    2841      
443.20    2815      
443.30    2780      
443.40    2860      
443.50    2903      
443.60    2881      
443.70    3038      
443.80    3061      
443.90    3019      
444.00    3106      
444.10    3050      
444.20    3054      
444.30    3102      
444.40    3100      
444.50    3171      
444.60    3231      
444.70    3157      
444.80    3218      
444.90    3292      
445.00    3274      
445.10    3428      
445.20    3331      
445.30    3378      
445.40    3886      
445.50    3882      
445.60    3937      
445.70    3977      
445.80    3991      
445.90    3960      
446.00    3964      
446.10    4002      
446.20    4003      
446.30    4071      
446.40    3949      
446.50    3916      
446.60    4002      
446.70    4010      
446.80    4050      
446.90    4036      
447.00    3969      
447.10    3984      
447.20    4036      
447.30    3964      
447.40    4058      
447.50    4061      
447.60    4084      
447.70    3952      
447.80    4013      
447.90    3990      
448.00    4012      
448.10    4010      
448.20    4036      
448.30    4040      
448.40    4086      
448.50    4030      
448.60    4068      
448.70    3985      
448.80    4034      
448.90    4022      
449.00    4027      
449.10    4022      
449.20    4016      
449.30    4064      
449.40    4032      
449.50    4060      
449.60    4019      
449.70    4021      
449.80    4012      
449.90    3953      
450.00    4026      
450.10    4045      
450.20    3997      
450.30    4061      
450.40    4021      
450.50    4081      
450.60    4036      
450.70    4044      
450.80    3997      
450.90    4031      
451.00    4006      
451.10    4008      
451.20    3980      
451.30    3995      
451.40    4022      
451.50    3974      
451.60    4084      
451.70    4063      
451.80    3999      
451.90    3986      
452.00    4001      
452.10    4002      
452.20    4037      
452.30    4046      
452.40    4038      
452.50    4083      
452.60    4007      
452.70    4009      
452.80    4036      
452.90    4011      
453.00    3986      
453.10    4039      
453.20    4088      
453.30    3953      
453.40    3997      
453.50    4002      
453.60    4031      
453.70    4026      
453.80    4001      
453.90    4033      
454.00    3995      
454.10    3947      
454.20    3991      
454.30    4023      
454.40    3947      
454.50    3934      
454.60    3964      
454.70    3943      
454.80    3898      
454.90    3982      
455.00    3884      
455.10    3950      
455.20    3945      
455.30    3897      
455.40    3924      
455.50    3860      
455.60    3851      
455.70    3865      
455.80    3946      
455.90    3869      
456.00    3875      
456.10    3875      
456.20    3863      
456.30    3785      
456.40    3763      
456.50    3798      
456.60    3364      
456.70    2992      
456.80    2987      
456.90    2968      
457.00    2945      
457.10    2918      
457.20    2890      
457.30    2850      
457.40    2859      
457.50    2824      
457.60    2830      
457.70    2786      
457.80    2786      
457.90    2780      
458.00    2803      
458.10    2699      
458.20    2710      
458.30    2647      
458.40    2619      
458.50    2635      
458.60    2533      
458.70    2611      
458.80    2544      
458.90    2535      
459.00    2582      
459.10    2515      
459.20    2574      
459.30    2483      
459.40    2457      
459.50    2439      
459.60    2471      
459.70    2358      
459.80    2429      
459.90    2390      
460.00    2342      
460.10    2354      
460.20    2337      
460.30    2309      
460.40    2353      
460.50    2332      
460.60    2273      
460.70    2235      
460.80    2268      
460.90    2249      
461.00    2215      
461.10    2211      
461.20    2211      
461.30    2175      
461.40    2172      
461.50    2182      
461.60    2163      
461.70    2151      
461.80    2149      
461.90    2118      
462.00    2094      
462.10    2137      
462.20    2126      
462.30    2118      
462.40    2104      
462.50    2082      
462.60    2063      
462.70    2060      
462.80    2120      
462.90    2041      
463.00    1978      
463.10    2158      
463.20    1972      
463.30    2133      
463.40    1957      
463.50    1956      
463.60    2028      
463.70    1928      
463.80    1972      
463.90    2015      
464.00    1956      
464.10    1937      
464.20    1939      
464.30    1932      
464.40    1922      
464.50    1971      
464.60    1848      
464.70    1951      
464.80    1953      
464.90    1897      
465.00    1860      
465.10    1834      
465.20    1881      
465.30    1861      
465.40    1848      
465.50    1854      
465.60    1914      
465.70    1892      
465.80    1874      
465.90    1838      
466.00    1796      
466.10    1848      
466.20    1769      
466.30    1824      
466.40    1838      
466.50    1786      
466.60    1828      
466.70    1803      
466.80    1711      
466.90    1837      
467.00    1736      
467.10    1742      
467.20    1754      
467.30    1759      
467.40    1739      
467.50    1758      
467.60    1680      
467.70    1678      
467.80    1697      
467.90    1679      
468.00    1672      
468.10    1705      
468.20    1641      
468.30    1649      
468.40    1639      
468.50    1707      
468.60    1640      
468.70    1633      
468.80    1626      
468.90    1617      
469.00    1670      
469.10    1663      
469.20    1638      
469.30    1526      
469.40    1552      
469.50    1545      
469.60    1587      
469.70    1549      
469.80    1580      
469.90    1530      
470.00    1577      
470.10    1558      
470.20    1552      
470.30    1545      
470.40    1528      
470.50    1486      
470.60    1534      
470.70    1481      
470.80    1468      
470.90    1507      
471.00    1486      
471.10    1472      
471.20    1459      
471.30    1479      
471.40    1498      
471.50    1473      
471.60    1428      
471.70    1405      
471.80    1462      
471.90    1475      
472.00    1469      
472.10    1444      
472.20    1441      
472.30    1435      
472.40    1437      
472.50    1396      
472.60    1377      
472.70    1365      
472.80    1307      
472.90    1446      
473.00    1337      
473.10    1372      
473.20    1339      
473.30    1334      
473.40    1397      
473.50    1390      
473.60    1301      
473.70    1308      
473.80    1278      
473.90    1311      
474.00    1334      
474.10    1264      
474.20    1380      
474.30    1229      
474.40    1258      
474.50    1289      
474.60    1320      
474.70    1285      
474.80    1273      
474.90    1279      
475.00    1241      
475.10    1286      
475.20    1277      
475.30    1242      
475.40    1226      
475.50    1245      
475.60    1295      
475.70    1258      
475.80    1189      
475.90    1227      
476.00    1256      
476.10    1211      
476.20    1208      
476.30    1234      
476.40    1224      
476.50    1247      
476.60    1220      
476.70    1246      
476.80    1238      
476.90    1176      
477.00    1248      
477.10    1260      
477.20    1173      
477.30    1247      
477.40    1231      
477.50    1246      
477.60    1185      
477.70    1216      
477.80    1288      
477.90    1200      
478.00    1191      
478.10    1163      
478.20    1090      
478.30    1159      
478.40    1249      
478.50    1141      
478.60    1154      
478.70    1173      
478.80    1162      
478.90    1194      
479.00    1225      
479.10    1199      
479.20    1140      
479.30    1121      
479.40    1150      
479.50    1132      
479.60    1160      
479.70    1178      
479.80    1132      
479.90    1132      
480.00    1217      
480.10    1146      
480.20    1226      
480.30    1125      
480.40    1083      
480.50    1174      
480.60    1237      
480.70    1189      
480.80    1158      
480.90    1103      
481.00    1106      
481.10    1075      
481.20    1081      
481.30    1119      
481.40    1106      
481.50    1094      
481.60    1139      
481.70    1114      
481.80    1139      
481.90    1069      
482.00    1135      
482.10    1160      
482.20    1129      
482.30    1128      
482.40    1131      
482.50    1048      
482.60    1116      
482.70    1123      
482.80    1063      
482.90    1098      
483.00    1086      
483.10    1097      
483.20    1135      
483.30    1122      
483.40    1052      
483.50    1108      
483.60    1175      
483.70    1121      
483.80    1125      
483.90    1065      
484.00    1123      
484.10    1109      
484.20    1150      
484.30    1132      
484.40    1076      
484.50    1065      
484.60    1168      
484.70    1104      
484.80    1109      
484.90    1095      
485.00    1070      
485.10    1089      
485.20    1092      
485.30    1105      
485.40    1092      
485.50    1088      
485.60    1067      
485.70    1101      
485.80    1030      
485.90    1063      
486.00    1166      
486.10    1097      
486.20    1082      
486.30    1188      
486.40    1092      
486.50    1128      
486.60    1057      
486.70    1065      
486.80    1032      
486.90    1033      
487.00    1059      
487.10    1118      
487.20    1146      
487.30    1057      
487.40    1104      
487.50    1091      
487.60    1172      
487.70    1065      
487.80    1063      
487.90    1103      
488.00    1047      
488.10    1045      
488.20    1134      
488.30    1084      
488.40    1037      
488.50    1144      
488.60    1083      
488.70    1060      
488.80    1114      
488.90    1040      
489.00    1055      
489.10    1011      
489.20    1042      
489.30    1055      
489.40    1098      
489.50    1047      
489.60    1055      
489.70    1110      
489.80    1049      
489.90    1047      
490.00    1101      
490.10    1072      
490.20    1101      
490.30    1118      
490.40    1040      
490.50    1056      
490.60    1057      
490.70    1096      
490.80    1081      
490.90    1196      
491.00    1047      
491.10    1040      
491.20    1085      
491.30    1145      
491.40    1120      
491.50    1093      
491.60    1072      
491.70    1076      
491.80    1052      
491.90    1071      
492.00    1144      
492.10    1076      
492.20    1057      
492.30    1014      
492.40    1077      
492.50    1182      
492.60    1148      
492.70    1047      
492.80    1085      
492.90    1087      
493.00    1144      
493.10    1022      
493.20    1049      
493.30    1035      
493.40    1064      
493.50    1046      
493.60    1034      
493.70    1085      
493.80    1103      
493.90    1066      
494.00    1156      
494.10    1171      
494.20    1077      
494.30    1124      
494.40    1075      
494.50    1040      
494.60    1056      
494.70    1125      
494.80    1123      
494.90    1134      
495.00    1107      
495.10    1119      
495.20    1070      
495.30    1066      
495.40    1111      
495.50    1100      
495.60    1028      
495.70    1180      
495.80    1126      
495.90    1120      
496.00    1132      
496.10    1162      
496.20    1177      
496.30    1133      
496.40    1091      
496.50    1051      
496.60    1041      
496.70    1096      
496.80    1102      
496.90    1186      
497.00    1094      
497.10    1127      
497.20    1192      
497.30    1128      
497.40    1130      
497.50    1141      
497.60    1106      
497.70    1068      
497.80    1208      
497.90    1123      
498.00    1066      
498.10    1116      
498.20    1127      
498.30    1099      
498.40    1210      
498.50    1252      
498.60    1100      
498.70    1092      
498.80    1095      
498.90    1174      
499.00    1153      
499.10    1140      
499.20    1181      
499.30    1132      
499.40    1136      
499.50    1222      
499.60    1180      
499.70    1097      
499.80    1081      
499.90    1112      
500.00    1125      
500.10    1140      
500.20    1122      
500.30    1172      
500.40    1111      
500.50    1232      
500.60    1223      
500.70    1137      
500.80    1178      
500.90    1149      
501.00    1104      
501.10    1217      
501.20    1144      
501.30    1149      
501.40    1123      
501.50    1139      
501.60    1213      
501.70    1147      
501.80    1152      
501.90    1188      
502.00    1113      
502.10    1118      
502.20    1205      
502.30    1143      
502.40    1210      
502.50    1225      
502.60    1147      
502.70    1201      
502.80    1196      
502.90    1136      
503.00    1105      
503.10    1197      
503.20    1196      
503.30    1236      
503.40    1165      
503.50    1201      
503.60    1173      
503.70    1246      
503.80    1240      
503.90    1232      
504.00    1181      
504.10    1173      
504.20    1195      
504.30    1243      
504.40    1186      
504.50    1166      
504.60    1156      
504.70    1212      
504.80    1190      
504.90    1200      
505.00    1165      
505.10    1166      
505.20    1218      
505.30    1156      
505.40    1228      
505.50    1221      
505.60    1122      
505.70    1230      
505.80    1183      
505.90    1325      
506.00    1278      
506.10    1216      
506.20    1265      
506.30    1166      
506.40    1179      
506.50    1230      
506.60    1192      
506.70    1154      
506.80    1212      
506.90    1185      
507.00    1255      
507.10    1178      
507.20    1203      
507.30    1215      
507.40    1208      
507.50    1166      
507.60    1201      
507.70    1206      
507.80    1230      
507.90    1304      
508.00    1196      
508.10    1193      
508.20    1287      
508.30    1215      
508.40    1214      
508.50    1209      
508.60    1167      
508.70    1242      
508.80    1236      
508.90    1235      
509.00    1230      
509.10    1235      
509.20    1227      
509.30    1207      
509.40    1278      
509.50    1204      
509.60    1237      
509.70    1200      
509.80    1260      
509.90    1211      
510.00    1311      
510.10    1291      
510.20    1287      
510.30    1222      
510.40    1275      
510.50    1259      
510.60    1197      
510.70    1210      
510.80    1225      
510.90    1238      
511.00    1198      
511.10    1247      
511.20    1252      
511.30    1234      
511.40    1201      
511.50    1254      
511.60    1255      
511.70    1288      
511.80    1243      
511.90    1238      
512.00    1224      
512.10    1260      
512.20    1252      
512.30    1317      
512.40    1266      
512.50    1241      
512.60    1308      
512.70    1280      
512.80    1264      
512.90    1201      
513.00    1211      
513.10    1248      
513.20    1229      
513.30    1299      
513.40    1253      
513.50    1329      
513.60    1303      
513.70    1247      
513.80    1201      
513.90    1204      
514.00    1256      
514.10    1265      
514.20    1255      
514.30    1254      
514.40    1262      
514.50    1329      
514.60    1311      
514.70    1294      
514.80    1263      
514.90    1215      
515.00    1218      
515.10    1274      
515.20    1253      
515.30    1214      
515.40    1236      
515.50    1287      
515.60    1320      
515.70    1257      
515.80    1322      
515.90    1230      
516.00    1253      
516.10    1196      
516.20    1243      
516.30    1307      
516.40    1278      
516.50    1261      
516.60    1272      
516.70    1304      
516.80    1272      
516.90    1275      
517.00    1281      
517.10    1278      
517.20    1262      
517.30    1266      
517.40    1251      
517.50    1233      
517.60    1209      
517.70    1314      
517.80    1254      
517.90    1315      
518.00    1259      
518.10    1326      
518.20    1234      
518.30    1246      
518.40    1306      
518.50    1252      
518.60    1250      
518.70    1292      
518.80    1315      
518.90    1381      
519.00    1260      
519.10    1249      
519.20    1346      
519.30    1230      
519.40    1263      
519.50    1265      
519.60    1262      
519.70    1276      
519.80    1345      
519.90    1214      
520.00    1345      
520.10    1233      
520.20    1242      
520.30    1338      
520.40    1289      
520.50    1270      
520.60    1394      
520.70    1268      
520.80    1240      
520.90    1327      
521.00    1260      
521.10    1263      
521.20    1250      
521.30    1252      
521.40    1273      
521.50    1262      
521.60    1252      
521.70    1298      
521.80    1302      
521.90    1264      
522.00    1249      
522.10    1301      
522.20    1251      
522.30    1282      
522.40    1242      
522.50    1289      
522.60    1192      
522.70    1293      
522.80    1328      
522.90    1261      
523.00    1334      
523.10    1231      
523.20    1310      
523.30    1287      
523.40    1245      
523.50    1316      
523.60    1237      
523.70    1287      
523.80    1332      
523.90    1229      
524.00    1293      
524.10    1298      
524.20    1291      
524.30    1267      
524.40    1275      
524.50    1272      
524.60    1277      
524.70    1249      
524.80    1250      
524.90    1287      
525.00    1253      
525.10    1220      
525.20    1308      
525.30    1277      
525.40    1298      
525.50    1312      
525.60    1282      
525.70    1296      
525.80    1267      
525.90    1267      
526.00    1271      
526.10    1237      
526.20    1327      
526.30    1246      
526.40    1275      
526.50    1456      
526.60    1252      
526.70    1241      
526.80    1231      
526.90    1220      
527.00    1250      
527.10    1263      
527.20    1238      
527.30    1241      
527.40    1304      
527.50    1252      
527.60    1257      
527.70    1172      
527.80    1251      
527.90    1261      
528.00    1218      
528.10    1357      
528.20    1237      
528.30    1244      
528.40    1245      
528.50    1338      
528.60    1282      
528.70    1285      
528.80    1309      
528.90    1292      
529.00    1212      
529.10    1251      
529.20    1302      
529.30    1251      
529.40    1273      
529.50    1239      
529.60    1278      
529.70    1241      
529.80    1258      
529.90    1258      
530.00    1246      
530.10    1221      
530.20    1209      
530.30    1226      
530.40    1321      
530.50    1300      
530.60    1299      
530.70    1291      
530.80    1228      
530.90    1211      
531.00    1243      
531.10    1224      
531.20    1259      
531.30    1283      
531.40    1283      
531.50    1265      
531.60    1404      
531.70    1238      
531.80    1311      
531.90    1376      
532.00    1238      
532.10    1273      
532.20    1200      
532.30    1280      
532.40    1211      
532.50    1271      
532.60    1436      
532.70    1261      
532.80    1317      
532.90    1322      
533.00    1262      
533.10    1316      
533.20    1274      
533.30    1301      
533.40    1265      
533.50    1281      
533.60    1209      
533.70    1277      
533.80    1282      
533.90    1217      
534.00    1233      
534.10    1224      
534.20    1251      
534.30    1227      
534.40    1195      
534.50    1249      
534.60    1224      
534.70    1206      
534.80    1309      
534.90    1247      
535.00    1249      
535.10    1304      
535.20    1211      
535.30    1208      
535.40    1250      
535.50    1250      
535.60    1258      
535.70    1237      
535.80    1274      
535.90    1225      
536.00    1284      
536.10    1354      
536.20    1253      
536.30    1273      
536.40    1296      
536.50    1215      
536.60    1294      
536.70    1272      
536.80    1249      
536.90    1227      
537.00    1218      
537.10    1311      
537.20    1359      
537.30    1323      
537.40    1208      
537.50    1203      
537.60    1228      
537.70    1233      
537.80    1279      
537.90    1322      
538.00    1191      
538.10    1226      
538.20    1284      
538.30    1253      
538.40    1242      
538.50    1242      
538.60    1250      
538.70    1178      
538.80    1276      
538.90    1194      
539.00    1230      
539.10    1268      
539.20    1265      
539.30    1222      
539.40    1253      
539.50    1215      
539.60    1374      
539.70    1233      
539.80    1191      
539.90    1231      
540.00    1219      
540.10    1227      
540.20    1281      
540.30    1230      
540.40    1252      
540.50    1327      
540.60    1233      
540.70    1200      
540.80    1210      
540.90    1149      
541.00    1185      
541.10    1221      
541.20    1242      
541.30    1311      
541.40    1209      
541.50    1253      
541.60    1207      
541.70    1215      
541.80    1176      
541.90    1159      
542.00    1275      
542.10    1287      
542.20    1200      
542.30    1218      
542.40    1191      
542.50    1225      
542.60    1327      
542.70    1219      
542.80    1241      
542.90    1239      
543.00    1242      
543.10    1236      
543.20    1319      
543.30    1208      
543.40    1299      
543.50    1295      
543.60    1294      
543.70    1197      
543.80    1219      
543.90    1235      
544.00    1180      
544.10    1173      
544.20    1323      
544.30    1192      
544.40    1233      
544.50    1236      
544.60    1198      
544.70    1178      
544.80    1209      
544.90    1183      
545.00    1227      
545.10    1217      
545.20    1204      
545.30    1217      
545.40    1192      
545.50    1192      
545.60    1330      
545.70    1205      
545.80    1237      
545.90    1247      
546.00    1251      
546.10    1219      
546.20    1205      
546.30    1179      
546.40    1275      
546.50    1166      
546.60    1165      
546.70    1204      
546.80    1266      
546.90    1263      
547.00    1247      
547.10    1222      
547.20    1301      
547.30    1171      
547.40    1187      
547.50    1206      
547.60    1261      
547.70    1167      
547.80    1158      
547.90    1352      
548.00    1187      
548.10    1163      
548.20    1171      
548.30    1130      
548.40    1173      
548.50    1160      
548.60    1169      
548.70    1217      
548.80    1243      
548.90    1220      
549.00    1255      
549.10    1200      
549.20    1211      
549.30    1167      
549.40    1188      
549.50    1218      
549.60    1267      
549.70    1192      
549.80    1208      
549.90    1194      
550.00    1212      
550.10    1227      
550.20    1167      
550.30    1203      
550.40    1175      
550.50    1200      
550.60    1151      
550.70    1216      
550.80    1218      
550.90    1177      
551.00    1259      
551.10    1191      
551.20    1187      
551.30    1224      
551.40    1138      
551.50    1202      
551.60    1132      
551.70    1256      
551.80    1161      
551.90    1153      
552.00    1167      
552.10    1260      
552.20    1224      
552.30    1166      
552.40    1192      
552.50    1129      
552.60    1175      
552.70    1210      
552.80    1216      
552.90    1179      
553.00    1142      
553.10    1165      
553.20    1236      
553.30    1170      
553.40    1136      
553.50    1140      
553.60    1178      
553.70    1137      
553.80    1135      
553.90    1144      
554.00    1150      
554.10    1206      
554.20    1158      
554.30    1143      
554.40    1220      
554.50    1170      
554.60    1215      
554.70    1129      
554.80    1145      
554.90    1192      
555.00    1188      
555.10    1154      
555.20    1190      
555.30    1147      
555.40    1247      
555.50    1162      
555.60    1183      
555.70    1176      
555.80    1178      
555.90    1103      
556.00    1140      
556.10    1146      
556.20    1185      
556.30    1233      
556.40    1157      
556.50    1187      
556.60    1154      
556.70    1118      
556.80    1197      
556.90    1158      
557.00    1186      
557.10    1186      
557.20    1183      
557.30    1200      
557.40    1144      
557.50    1214      
557.60    1200      
557.70    1202      
557.80    1189      
557.90    1141      
558.00    1094      
558.10    1122      
558.20    1136      
558.30    1166      
558.40    1220      
558.50    1206      
558.60    1199      
558.70    1247      
558.80    1133      
558.90    1162      
559.00    1107      
559.10    1173      
559.20    1238      
559.30    1129      
559.40    1141      
559.50    1172      
559.60    1111      
559.70    1192      
559.80    1150      
559.90    1130      
560.00    1167      
560.10    1103      
560.20    1182      
560.30    1147      
560.40    1128      
560.50    1138      
560.60    1120      
560.70    1109      
560.80    1196      
560.90    1077      
561.00    1122      
561.10    1195      
561.20    1135      
561.30    1137      
561.40    1159      
561.50    1148      
561.60    1192      
561.70    1167      
561.80    1156      
561.90    1141      
562.00    1088      
562.10    1159      
562.20    1147      
562.30    1137      
562.40    1137      
562.50    1203      
562.60    1117      
562.70    1105      
562.80    1124      
562.90    1169      
563.00    1155      
563.10    1090      
563.20    1086      
563.30    1138      
563.40    1069      
563.50    1146      
563.60    1071      
563.70    1103      
563.80    1191      
563.90    1133      
564.00    1129      
564.10    1124      
564.20    1160      
564.30    1137      
564.40    1098      
564.50    1131      
564.60    1135      
564.70    1204      
564.80    1124      
564.90    1117      
565.00    1269      
565.10    1124      
565.20    1103      
565.30    1125      
565.40    1121      
565.50    1109      
565.60    1114      
565.70    1098      
565.80    1129      
565.90    1117      
566.00    1157      
566.10    1204      
566.20    1124      
566.30    1095      
566.40    1162      
566.50    1089      
566.60    1103      
566.70    1158      
566.80    1080      
566.90    1186      
567.00    1119      
567.10    1139      
567.20    1129      
567.30    1048      
567.40    1111      
567.50    1120      
567.60    1086      
567.70    1150      
567.80    1075      
567.90    1114      
568.00    1103      
568.10    1082      
568.20    1144      
568.30    1297      
568.40    1073      
568.50    1099      
568.60    1102      
568.70    1078      
568.80    1062      
568.90    1078      
569.00    1167      
569.10    1097      
569.20    1093      
569.30    1096      
569.40    1099      
569.50    1108      
569.60    1085      
569.70    1069      
569.80    1063      
569.90    1128      
570.00    1114      
570.10    1181      
570.20    1122      
570.30    1077      
570.40    1102      
570.50    1273      
570.60    1047      
570.70    1117      
570.80    1044      
570.90    1112      
571.00    1158      
571.10    1060      
571.20    1137      
571.30    1085      
571.40    1100      
571.50    1113      
571.60    1124      
571.70    1059      
571.80    1071      
571.90    1151      
572.00    1121      
572.10    1068      
572.20    1109      
572.30    1135      
572.40    1143      
572.50    1083      
572.60    1079      
572.70    1081      
572.80    1144      
572.90    1083      
573.00    1104      
573.10    1110      
573.20    1054      
573.30    1064      
573.40    1168      
573.50    1083      
573.60    1110      
573.70    1077      
573.80    1095      
573.90    1022      
574.00    1066      
574.10    1098      
574.20    1103      
574.30    1058      
574.40    1043      
574.50    1073      
574.60    1163      
574.70    1147      
574.80    1092      
574.90    1045      
575.00    1081      
575.10    1050      
575.20    1191      
575.30    1039      
575.40    1094      
575.50    1073      
575.60    1103      
575.70    1147      
575.80    1028      
575.90    1075      
576.00    1045      
576.10    1081      
576.20    1051      
576.30    1159      
576.40    1134      
576.50    1070      
576.60    1114      
576.70    1082      
576.80    1143      
576.90    1146      
577.00    1085      
577.10    1051      
577.20    1026      
577.30    1115      
577.40    1062      
577.50    1003      
577.60    1081      
577.70    1057      
577.80    1126      
577.90    1156      
578.00    1067      
578.10    1041      
578.20    1044      
578.30    1017      
578.40    1105      
578.50    1039      
578.60    1057      
578.70    1061      
578.80    1050      
578.90    1054      
579.00    1076      
579.10    1014      
579.20    1134      
579.30    1086      
579.40    1037      
579.50    1098      
579.60    1040      
579.70    1103      
579.80    1041      
579.90    1033      
580.00    1089      
580.10    1064      
580.20    1087      
580.30    1019      
580.40    1041      
580.50    1128      
580.60    1029      
580.70    1075      
580.80    1090      
580.90    1050      
581.00    1069      
581.10    1005      
581.20    1077      
581.30    1034      
581.40    1016      
581.50    1078      
581.60    1048      
581.70    1046      
581.80    1066      
581.90    1057      
582.00    1056      
582.10    1046      
582.20    1098      
582.30    1031      
582.40    1036      
582.50    997       
582.60    1023      
582.70    1051      
582.80    1015      
582.90    1167      
583.00    1042      
583.10    1109      
583.20    1054      
583.30    1032      
583.40    1058      
583.50    1032      
583.60    1036      
583.70    1046      
583.80    1045      
583.90    1076      
584.00    1049      
584.10    1081      
584.20    1046      
584.30    1041      
584.40    1021      
584.50    1054      
584.60    1014      
584.70    1004      
584.80    1044      
584.90    1046      
585.00    1037      
585.10    1042      
585.20    1026      
585.30    1008      
585.40    1074      
585.50    1063      
585.60    1000      
585.70    1051      
585.80    1009      
585.90    1016      
586.00    1038      
586.10    1003      
586.20    1001      
586.30    1007      
586.40    1012      
586.50    967       
586.60    1032      
586.70    1001      
586.80    1037      
586.90    963       
587.00    984       
587.10    1029      
587.20    1030      
587.30    1004      
587.40    1040      
587.50    1027      
587.60    975       
587.70    1066      
587.80    944       
587.90    1087      
588.00    1043      
588.10    1036      
588.20    1030      
588.30    1046      
588.40    966       
588.50    1046      
588.60    1005      
588.70    1017      
588.80    996       
588.90    977       
589.00    1022      
589.10    991       
589.20    1016      
589.30    995       
589.40    1025      
589.50    1011      
589.60    1069      
589.70    973       
589.80    1023      
589.90    967       
590.00    1071      
590.10    966       
590.20    1046      
590.30    1021      
590.40    1054      
590.50    1058      
590.60    993       
590.70    1008      
590.80    980       
590.90    1034      
591.00    1021      
591.10    992       
591.20    986       
591.30    1007      
591.40    1028      
591.50    1015      
591.60    1013      
591.70    1040      
591.80    1029      
591.90    969       
592.00    997       
592.10    1014      
592.20    1079      
592.30    985       
592.40    1022      
592.50    1009      
592.60    1000      
592.70    1000      
592.80    1002      
592.90    997       
593.00    1054      
593.10    951       
593.20    971       
593.30    960       
593.40    1036      
593.50    939       
593.60    1024      
593.70    1056      
593.80    1055      
593.90    982       
594.00    1011      
594.10    951       
594.20    964       
594.30    988       
594.40    1007      
594.50    989       
594.60    974       
594.70    1062      
594.80    958       
594.90    1030      
595.00    1011      
595.10    983       
595.20    1020      
595.30    944       
595.40    930       
595.50    1025      
595.60    1002      
595.70    1003      
595.80    1049      
595.90    1123      
596.00    972       
596.10    1013      
596.20    980       
596.30    962       
596.40    1006      
596.50    965       
596.60    977       
596.70    969       
596.80    1026      
596.90    1028      
597.00    1002      
597.10    975       
597.20    1002      
597.30    922       
597.40    992       
597.50    985       
597.60    996       
597.70    1012      
597.80    972       
597.90    969       
598.00    958       
598.10    967       
598.20    969       
598.30    974       
598.40    937       
598.50    1001      
598.60    1001      
598.70    986       
598.80    963       
598.90    1001      
599.00    1094      
599.10    942       
599.20    1054      
599.30    907       
599.40    958       
599.50    1039      
599.60    982       
599.70    950       
599.80    946       
599.90    968       
600.00    966       
600.10    1008      
600.20    1003      
600.30    991       
600.40    954       
600.50    919       
600.60    916       
600.70    1039      
600.80    998       
600.90    982       
601.00    972       
601.10    1061      
601.20    1096      
601.30    963       
601.40    1004      
601.50    908       
601.60    977       
601.70    1037      
601.80    991       
601.90    956       
602.00    949       
602.10    937       
602.20    942       
602.30    930       
602.40    1074      
602.50    912       
602.60    923       
602.70    914       
602.80    919       
602.90    986       
603.00    944       
603.10    977       
603.20    1046      
603.30    943       
603.40    948       
603.50    952       
603.60    896       
603.70    913       
603.80    935       
603.90    1006      
604.00    1010      
604.10    974       
604.20    991       
604.30    941       
604.40    938       
604.50    926       
604.60    945       
604.70    972       
604.80    935       
604.90    923       
605.00    947       
605.10    925       
605.20    926       
605.30    1101      
605.40    1101      
605.50    1041      
605.60    895       
605.70    910       
605.80    952       
605.90    932       
606.00    940       
606.10    959       
606.20    1006      
606.30    954       
606.40    955       
606.50    899       
606.60    922       
606.70    869       
606.80    872       
606.90    963       
607.00    940       
607.10    913       
607.20    941       
607.30    959       
607.40    981       
607.50    916       
607.60    950       
607.70    963       
607.80    921       
607.90    1002      
608.00    913       
608.10    920       
608.20    1019      
608.30    1018      
608.40    947       
608.50    1120      
608.60    892       
608.70    975       
608.80    972       
608.90    927       
609.00    902       
609.10    927       
609.20    916       
609.30    996       
609.40    1022      
609.50    948       
609.60    906       
609.70    987       
609.80    950       
609.90    976       
610.00    916       
610.10    922       
610.20    929       
610.30    912       
610.40    964       
610.50    913       
610.60    943       
610.70    879       
610.80    927       
610.90    930       
611.00    1025      
611.10    947       
611.20    899       
611.30    952       
611.40    875       
611.50    993       
611.60    931       
611.70    956       
611.80    922       
611.90    977       
612.00    897       
612.10    893       
612.20    1004      
612.30    1000      
612.40    910       
612.50    950       
612.60    941       
612.70    908       
612.80    968       
612.90    955       
613.00    929       
613.10    871       
613.20    954       
613.30    922       
613.40    955       
613.50    925       
613.60    986       
613.70    1001      
613.80    962       
613.90    942       
614.00    926       
614.10    963       
614.20    938       
614.30    959       
614.40    908       
614.50    929       
614.60    886       
614.70    973       
614.80    951       
614.90    913       
615.00    950       
615.10    952       
615.20    889       
615.30    914       
615.40    956       
615.50    976       
615.60    939       
615.70    998       
615.80    1022      
615.90    984       
616.00    951       
616.10    906       
616.20    911       
616.30    874       
616.40    931       
616.50    978       
616.60    931       
616.70    932       
616.80    913       
616.90    912       
617.00    968       
617.10    881       
617.20    890       
617.30    943       
617.40    910       
617.50    986       
617.60    912       
617.70    908       
617.80    1033      
617.90    937       
618.00    901       
618.10    959       
618.20    917       
618.30    880       
618.40    990       
618.50    900       
618.60    870       
618.70    959       
618.80    956       
618.90    897       
619.00    917       
619.10    983       
619.20    897       
619.30    915       
619.40    916       
619.50    872       
619.60    945       
619.70    895       
619.80    967       
619.90    1033      
620.00    954       
620.10    910       
620.20    877       
620.30    923       
620.40    885       
620.50    886       
620.60    930       
620.70    883       
620.80    891       
620.90    887       
621.00    892       
621.10    972       
621.20    880       
621.30    898       
621.40    934       
621.50    935       
621.60    894       
621.70    912       
621.80    932       
621.90    905       
622.00    966       
622.10    915       
622.20    979       
622.30    850       
622.40    919       
622.50    888       
622.60    832       
622.70    872       
622.80    884       
622.90    900       
623.00    882       
623.10    919       
623.20    897       
623.30    908       
623.40    887       
623.50    917       
623.60    868       
623.70    884       
623.80    890       
623.90    868       
624.00    891       
624.10    934       
624.20    859       
624.30    1024      
624.40    864       
624.50    960       
624.60    893       
624.70    821       
624.80    911       
624.90    949       
625.00    865       
625.10    910       
625.20    862       
625.30    892       
625.40    863       
625.50    933       
625.60    944       
625.70    850       
625.80    860       
625.90    885       
626.00    855       
626.10    956       
626.20    918       
626.30    873       
626.40    939       
626.50    984       
626.60    901       
626.70    869       
626.80    870       
626.90    891       
627.00    1073      
627.10    872       
627.20    857       
627.30    857       
627.40    953       
627.50    915       
627.60    921       
627.70    915       
627.80    863       
627.90    827       
628.00    930       
628.10    938       
628.20    908       
628.30    922       
628.40    952       
628.50    925       
628.60    872       
628.70    931       
628.80    861       
628.90    865       
629.00    841       
629.10    870       
629.20    934       
629.30    852       
629.40    935       
629.50    903       
629.60    915       
629.70    864       
629.80    921       
629.90    856       
630.00    877       
630.10    864       
630.20    893       
630.30    949       
630.40    861       
630.50    918       
630.60    902       
630.70    847       
630.80    887       
630.90    871       
631.00    894       
631.10    917       
631.20    857       
631.30    895       
631.40    891       
631.50    891       
631.60    915       
631.70    895       
631.80    828       
631.90    910       
632.00    837       
632.10    858       
632.20    917       
632.30    854       
632.40    891       
632.50    917       
632.60    903       
632.70    868       
632.80    872       
632.90    905       
633.00    870       
633.10    815       
633.20    907       
633.30    885       
633.40    873       
633.50    909       
633.60    854       
633.70    937       
633.80    839       
633.90    883       
634.00    913       
634.10    812       
634.20    856       
634.30    894       
634.40    826       
634.50    914       
634.60    927       
634.70    856       
634.80    860       
634.90    842       
635.00    897       
635.10    851       
635.20    899       
635.30    865       
635.40    844       
635.50    870       
635.60    906       
635.70    893       
635.80    939       
635.90    869       
636.00    811       
636.10    825       
636.20    829       
636.30    889       
636.40    879       
636.50    871       
636.60    856       
636.70    881       
636.80    843       
636.90    910       
637.00    882       
637.10    905       
637.20    867       
637.30    879       
637.40    858       
637.50    830       
637.60    924       
637.70    865       
637.80    870       
637.90    902       
638.00    954       
638.10    916       
638.20    848       
638.30    851       
638.40    826       
638.50    796       
638.60    862       
638.70    919       
638.80    947       
638.90    920       
639.00    866       
639.10    807       
639.20    810       
639.30    817       
639.40    882       
639.50    857       
639.60    825       
639.70    832       
639.80    864       
639.90    945       
640.00    866       
640.10    924       
640.20    892       
640.30    821       
640.40    890       
640.50    832       
640.60    879       
640.70    896       
640.80    921       
640.90    894       
641.00    896       
641.10    871       
641.20    975       
641.30    900       
641.40    1027      
641.50    894       
641.60    847       
641.70    889       
641.80    856       
641.90    866       
642.00    843       
642.10    830       
642.20    876       
642.30    917       
642.40    836       
642.50    803       
642.60    815       
642.70    842       
642.80    816       
642.90    899       
643.00    876       
643.10    872       
643.20    871       
643.30    819       
643.40    822       
643.50    869       
643.60    844       
643.70    853       
643.80    864       
643.90    876       
644.00    875       
644.10    835       
644.20    957       
644.30    886       
644.40    813       
644.50    886       
644.60    837       
644.70    878       
644.80    843       
644.90    828       
645.00    843       
645.10    863       
645.20    837       
645.30    928       
645.40    823       
645.50    831       
645.60    835       
645.70    832       
645.80    868       
645.90    821       
646.00    873       
646.10    805       
646.20    847       
646.30    970       
646.40    833       
646.50    825       
646.60    934       
646.70    825       
646.80    870       
646.90    813       
647.00    844       
647.10    822       
647.20    854       
647.30    854       
647.40    849       
647.50    808       
647.60    844       
647.70    822       
647.80    837       
647.90    825       
648.00    851       
648.10    861       
648.20    844       
648.30    898       
648.40    846       
648.50    885       
648.60    889       
648.70    930       
648.80    800       
648.90    813       
649.00    793       
649.10    860       
649.20    849       
649.30    854       
649.40    903       
649.50    855       
649.60    796       
649.70    871       
649.80    827       
649.90    776       
650.00    851       
650.10    851       
650.20    850       
650.30    857       
650.40    820       
650.50    821       
650.60    833       
650.70    846       
650.80    822       
650.90    858       
651.00    869       
651.10    868       
651.20    907       
651.30    858       
651.40    865       
651.50    855       
651.60    852       
651.70    813       
651.80    834       
651.90    826       
652.00    813       
652.10    862       
652.20    814       
652.30    887       
652.40    873       
652.50    849       
652.60    817       
652.70    839       
652.80    877       
652.90    862       
653.00    817       
653.10    834       
653.20    824       
653.30    930       
653.40    848       
653.50    844       
653.60    883       
653.70    819       
653.80    821       
653.90    794       
654.00    777       
654.10    935       
654.20    853       
654.30    798       
654.40    869       
654.50    814       
654.60    853       
654.70    812       
654.80    828       
654.90    797       
655.00    794       
655.10    795       
655.20    818       
655.30    856       
655.40    875       
655.50    798       
655.60    868       
655.70    901       
655.80    895       
655.90    787       
656.00    846       
656.10    813       
656.20    872       
656.30    861       
656.40    822       
656.50    899       
656.60    807       
656.70    877       
656.80    834       
656.90    785       
657.00    811       
657.10    784       
657.20    818       
657.30    788       
657.40    806       
657.50    858       
657.60    916       
657.70    849       
657.80    837       
657.90    845       
658.00    788       
658.10    788       
658.20    824       
658.30    858       
658.40    858       
658.50    795       
658.60    877       
658.70    840       
658.80    808       
658.90    843       
659.00    815       
659.10    799       
659.20    815       
659.30    818       
659.40    829       
659.50    795       
659.60    871       
659.70    829       
659.80    806       
659.90    835       
660.00    849       
660.10    811       
660.20    889       
660.30    838       
660.40    813       
660.50    855       
660.60    841       
660.70    858       
660.80    838       
660.90    828       
661.00    825       
661.10    837       
661.20    857       
661.30    844       
661.40    857       
661.50    802       
661.60    832       
661.70    799       
661.80    906       
661.90    909       
662.00    803       
662.10    891       
662.20    841       
662.30    817       
662.40    825       
662.50    840       
662.60    856       
662.70    890       
662.80    864       
662.90    888       
663.00    841       
663.10    858       
663.20    857       
663.30    823       
663.40    857       
663.50    830       
663.60    816       
663.70    862       
663.80    902       
663.90    891       
664.00    952       
664.10    852       
664.20    912       
664.30    814       
664.40    804       
664.50    789       
664.60    830       
664.70    838       
664.80    859       
664.90    877       
665.00    865       
665.10    810       
665.20    798       
665.30    843       
665.40    829       
665.50    895       
665.60    852       
665.70    821       
665.80    813       
665.90    846       
666.00    895       
666.10    821       
666.20    855       
666.30    836       
666.40    826       
666.50    799       
666.60    836       
666.70    858       
666.80    839       
666.90    874       
667.00    869       
667.10    786       
667.20    780       
667.30    852       
667.40    782       
667.50    789       
667.60    939       
667.70    846       
667.80    850       
667.90    850       
668.00    810       
668.10    813       
668.20    943       
668.30    830       
668.40    820       
668.50    838       
668.60    827       
668.70    864       
668.80    801       
668.90    861       
669.00    880       
669.10    834       
669.20    832       
669.30    843       
669.40    857       
669.50    835       
669.60    822       
669.70    808       
669.80    820       
669.90    832       
670.00    838       
670.10    807       
670.20    864       
670.30    855       
670.40    875       
670.50    767       
670.60    855       
670.70    827       
670.80    936       
670.90    822       
671.00    797       
671.10    777       
671.20    901       
671.30    830       
671.40    854       
671.50    808       
671.60    852       
671.70    773       
671.80    792       
671.90    807       
672.00    845       
672.10    840       
672.20    784       
672.30    931       
672.40    803       
672.50    813       
672.60    866       
672.70    779       
672.80    883       
672.90    829       
673.00    803       
673.10    841       
673.20    894       
673.30    838       
673.40    875       
673.50    829       
673.60    815       
673.70    862       
673.80    790       
673.90    823       
674.00    766       
674.10    846       
674.20    847       
674.30    833       
674.40    854       
674.50    831       
674.60    814       
674.70    817       
674.80    799       
674.90    946       
675.00    794       
675.10    808       
675.20    809       
675.30    821       
675.40    890       
675.50    871       
675.60    812       
675.70    804       
675.80    801       
675.90    802       
676.00    813       
676.10    800       
676.20    803       
676.30    829       
676.40    790       
676.50    889       
676.60    849       
676.70    830       
676.80    772       
676.90    800       
677.00    889       
677.10    795       
677.20    874       
677.30    864       
677.40    903       
677.50    799       
677.60    786       
677.70    816       
677.80    789       
677.90    783       
678.00    866       
678.10    817       
678.20    915       
678.30    902       
678.40    873       
678.50    848       
678.60    916       
678.70    790       
678.80    866       
678.90    872       
679.00    819       
679.10    872       
679.20    839       
679.30    904       
679.40    829       
679.50    809       
679.60    853       
679.70    808       
679.80    825       
679.90    789       
680.00    807       
680.10    813       
680.20    829       
680.30    811       
680.40    874       
680.50    834       
680.60    838       
680.70    909       
680.80    871       
680.90    820       
681.00    904       
681.10    837       
681.20    778       
681.30    830       
681.40    925       
681.50    815       
681.60    855       
681.70    821       
681.80    834       
681.90    780       
682.00    839       
682.10    797       
682.20    858       
682.30    862       
682.40    854       
682.50    883       
682.60    897       
682.70    838       
682.80    799       
682.90    807       
683.00    876       
683.10    826       
683.20    879       
683.30    814       
683.40    858       
683.50    821       
683.60    837       
683.70    764       
683.80    794       
683.90    811       
684.00    785       
684.10    817       
684.20    813       
684.30    800       
684.40    969       
684.50    813       
684.60    807       
684.70    858       
684.80    790       
684.90    864       
685.00    801       
685.10    792       
685.20    899       
685.30    770       
685.40    784       
685.50    832       
685.60    845       
685.70    819       
685.80    850       
685.90    851       
686.00    807       
686.10    781       
686.20    878       
686.30    868       
686.40    811       
686.50    808       
686.60    817       
686.70    838       
686.80    791       
686.90    813       
687.00    842       
687.10    813       
687.20    776       
687.30    807       
687.40    794       
687.50    834       
687.60    804       
687.70    795       
687.80    771       
687.90    828       
688.00    869       
688.10    818       
688.20    925       
688.30    808       
688.40    793       
688.50    807       
688.60    786       
688.70    862       
688.80    819       
688.90    858       
689.00    828       
689.10    837       
689.20    787       
689.30    775       
689.40    809       
689.50    806       
689.60    802       
689.70    861       
689.80    830       
689.90    798       
690.00    800       
690.10    796       
690.20    820       
690.30    789       
690.40    827       
690.50    782       
690.60    861       
690.70    827       
690.80    840       
690.90    801       
691.00    801       
691.10    846       
691.20    815       
691.30    795       
691.40    846       
691.50    821       
691.60    810       
691.70    867       
691.80    819       
691.90    782       
692.00    781       
692.10    803       
692.20    809       
692.30    774       
692.40    882       
692.50    821       
692.60    783       
692.70    856       
692.80    803       
692.90    872       
693.00    863       
693.10    825       
693.20    833       
693.30    867       
693.40    798       
693.50    791       
693.60    829       
693.70    874       
693.80    870       
693.90    832       
694.00    943       
694.10    822       
694.20    963       
694.30    760       
694.40    793       
694.50    861       
694.60    817       
694.70    876       
694.80    851       
694.90    857       
695.00    894       
695.10    825       
695.20    809       
695.30    779       
695.40    753       
695.50    862       
695.60    868       
695.70    823       
695.80    829       
695.90    774       
696.00    790       
696.10    863       
696.20    837       
696.30    807       
696.40    772       
696.50    825       
696.60    836       
696.70    784       
696.80    823       
696.90    819       
697.00    789       
697.10    796       
697.20    811       
697.30    818       
697.40    785       
697.50    802       
697.60    782       
697.70    830       
697.80    766       
697.90    842       
698.00    918       
698.10    824       
698.20    824       
698.30    821       
698.40    896       
698.50    786       
698.60    904       
698.70    803       
698.80    781       
698.90    789       
699.00    915       
699.10    812       
699.20    820       
699.30    805       
699.40    868       
699.50    789       
699.60    866       
699.70    792       
699.80    788       
699.90    814       
700.00    810       
