Wavelength    Value     
400.00    859       
400.10    780       
400.20    823       
400.30    822       
400.40    808       
400.50    803       
400.60    799       
400.70    786       
400.80    876       
400.90    775       
401.00    807       
401.10    825       
401.20    773       
401.30    837       
401.40    864       
401.50    836       
401.60    778       
401.70    791       
401.80    817       
401.90    785       
402.00    834       
402.10    871       
402.20    776       
402.30    832       
402.40    817       
402.50    770       
402.60    798       
402.70    777       
402.80    762       
402.90    767       
403.00    778       
403.10    813       
403.20    834       
403.30    840       
403.40    893       
403.50    802       
403.60    807       
403.70    777       
403.80    857       
403.90    818       
404.00    780       
404.10    831       
404.20    810       
404.30    764       
404.40    792       
404.50    829       
404.60    805       
404.70    823       
404.80    811       
404.90    759       
405.00    783       
405.10    769       
405.20    765       
405.30    831       
405.40    773       
405.50    838       
405.60    780       
405.70    800       
405.80    870       
405.90    808       
406.00    781       
406.10    770       
406.20    870       
406.30    833       
406.40    789       
406.50    801       
406.60    788       
406.70    840       
406.80    821       
406.90    799       
407.00    782       
407.10    788       
407.20    780       
407.30    854       
407.40    775       
407.50    844       
407.60    803       
407.70    858       
407.80    786       
407.90    825       
408.00    806       
408.10    822       
408.20    777       
408.30    755       
408.40    850       
408.50    844       
408.60    797       
408.70    812       
408.80    776       
408.90    804       
409.00    802       
409.10    848       
409.20    764       
409.30    777       
409.40    753       
409.50    871       
409.60    788       
409.70    851       
409.80    922       
409.90    807       
410.00    883       
410.10    789       
410.20    780       
410.30    778       
410.40    797       
410.50    840       
410.60    807       
410.70    817       
410.80    819       
410.90    799       
411.00    790       
411.10    923       
411.20    824       
411.30    792       
411.40    805       
411.50    799       
411.60    865       
411.70    770       
411.80    815       
411.90    797       
412.00    788       
412.10    802       
412.20    865       
412.30    828       
412.40    833       
412.50    805       
412.60    739       
412.70    824       
412.80    822       
412.90    752       
413.00    783       
413.10    808       
413.20    798       
413.30    822       
413.40    844       
413.50    754       
413.60    801       
413.70    794       
413.80    802       
413.90    760       
414.00    858       
414.10    810       
414.20    814       
414.30    804       
414.40    809       
414.50    746       
414.60    844       
414.70    805       
414.80    816       
414.90    866       
415.00    795       
415.10    813       
415.20    842       
415.30    844       
415.40    810       
415.50    813       
415.60    810       
415.70    834       
415.80    839       
415.90    790       
416.00    778       
416.10    830       
416.20    905       
416.30    794       
416.40    817       
416.50    926       
416.60    874       
416.70    773       
416.80    769       
416.90    818       
417.00    816       
417.10    819       
417.20    825       
417.30    828       
417.40    805       
417.50    840       
417.60    823       
417.70    802       
417.80    782       
417.90    801       
418.00    821       
418.10    847       
418.20    776       
418.30    776       
418.40    825       
418.50    879       
418.60    786       
418.70    830       
418.80    817       
418.90    811       
419.00    826       
419.10    829       
419.20    760       
419.30    813       
419.40    846       
419.50    827       
419.60    818       
419.70    857       
419.80    818       
419.90    848       
420.00    753       
420.10    814       
420.20    886       
420.30    773       
420.40    782       
420.50    807       
420.60    789       
420.70    778       
420.80    882       
420.90    815       
421.00    855       
421.10    819       
421.20    870       
421.30    778       
421.40    799       
421.50    792       
421.60    830       
421.70    792       
421.80    851       
421.90    857       
422.00    816       
422.10    803       
422.20    792       
422.30    856       
422.40    810       
422.50    802       
422.60    803       
422.70    840       
422.80    796       
422.90    833       
423.00    834       
423.10    818       
423.20    899       
423.30    781       
423.40    920       
423.50    789       
423.60    859       
423.70    881       
423.80    751       
423.90    780       
424.00    860       
424.10    936       
424.20    866       
424.30    802       
424.40    840       
424.50    857       
424.60    840       
424.70    777       
424.80    828       
424.90    856       
425.00    833       
425.10    797       
425.20    861       
425.30    879       
425.40    846       
425.50    797       
425.60    856       
425.70    894       
425.80    824       
425.90    820       
426.00    817       
426.10    895       
426.20    832       
426.30    851       
426.40    860       
426.50    863       
426.60    800       
426.70    864       
426.80    838       
426.90    799       
427.00    796       
427.10    888       
427.20    894       
427.30    820       
427.40    858       
427.50    860       
427.60    856       
427.70    865       
427.80    882       
427.90    851       
428.00    834       
428.10    897       
428.20    887       
428.30    831       
428.40    972       
428.50    894       
428.60    1007      
428.70    884       
428.80    952       
428.90    854       
429.00    852       
429.10    817       
429.20    856       
429.30    867       
429.40    864       
429.50    899       
429.60    855       
429.70    900       
429.80    938       
429.90    860       
430.00    911       
430.10    853       
430.20    822       
430.30    957       
430.40    884       
430.50    839       
430.60    857       
430.70    872       
430.80    986       
430.90    937       
431.00    911       
431.10    907       
431.20    932       
431.30    937       
431.40    876       
431.50    920       
431.60    892       
431.70    867       
431.80    865       
431.90    906       
432.00    899       
432.10    924       
432.20    900       
432.30    960       
432.40    882       
432.50    904       
432.60    922       
432.70    847       
432.80    960       
432.90    970       
433.00    978       
433.10    903       
433.20    877       
433.30    913       
433.40    939       
433.50    870       
433.60    905       
433.70    909       
433.80    907       
433.90    914       
434.00    914       
434.10    920       
434.20    932       
434.30    929       
434.40    884       
434.50    910       
434.60    904       
434.70    945       
434.80    910       
434.90    973       
435.00    970       
435.10    982       
435.20    1016      
435.30    1002      
435.40    957       
435.50    929       
435.60    970       
435.70    936       
435.80    949       
435.90    949       
436.00    1009      
436.10    966       
436.20    979       
436.30    958       
436.40    1003      
436.50    948       
436.60    974       
436.70    968       
436.80    971       
436.90    965       
437.00    950       
437.10    1035      
437.20    1059      
437.30    1003      
437.40    972       
437.50    1022      
437.60    1094      
437.70    1023      
437.80    976       
437.90    969       
438.00    1021      
438.10    1017      
438.20    1126      
438.30    1087      
438.40    1033      
438.50    1072      
438.60    1104      
438.70    1030      
438.80    1045      
438.90    1009      
439.00    1095      
439.10    1122      
439.20    1052      
439.30    1198      
439.40    1106      
439.50    1104      
439.60    1096      
439.70    1134      
439.80    1067      
439.90    1082      
440.00    1047      
440.10    1123      
440.20    1138      
440.30    1079      
440.40    1075      
440.50    1140      
440.60    1119      
440.70    1176      
440.80    1170      
440.90    1143      
441.00    1127      
441.10    1100      
441.20    1113      
441.30    1141      
441.40    1221      
441.50    1135      
441.60    1211      
441.70    1140      
441.80    1227      
441.90    1210      
442.00    1190      
442.10    1266      
442.20    1119      
442.30    1194      
442.40    1168      
442.50    1181      
442.60    1237      
442.70    1270      
442.80    1233      
442.90    1342      
443.00    1187      
443.10    1277      
443.20    1253      
443.30    1266      
443.40    1324      
443.50    1332      
443.60    1260      
443.70    1423      
443.80    1292      
443.90    1288      
444.00    1278      
444.10    1253      
444.20    1339      
444.30    1291      
444.40    1366      
444.50    1344      
444.60    1334      
444.70    1336      
444.80    1333      
444.90    1346      
445.00    1383      
445.10    1382      
445.20    1363      
445.30    1392      
445.40    1397      
445.50    1391      
445.60    1384      
445.70    1434      
445.80    1375      
445.90    1433      
446.00    1470      
446.10    1462      
446.20    1468      
446.30    1561      
446.40    1494      
446.50    1515      
446.60    1446      
446.70    1481      
446.80    1486      
446.90    1522      
447.00    1514      
447.10    1556      
447.20    1563      
447.30    1556      
447.40    1525      
447.50    1565      
447.60    1533      
447.70    1578      
447.80    1599      
447.90    1574      
448.00    1582      
448.10    1624      
448.20    1644      
448.30    1626      
448.40    1634      
448.50    1629      
448.60    1603      
448.70    1647      
448.80    1626      
448.90    1724      
449.00    1737      
449.10    1708      
449.20    1726      
449.30    1737      
449.40    1800      
449.50    1734      
449.60    1798      
449.70    1788      
449.80    1788      
449.90    1722      
450.00    1816      
450.10    1802      
450.20    1854      
450.30    1848      
450.40    1881      
450.50    1937      
450.60    1868      
450.70    1866      
450.80    1937      
450.90    1935      
451.00    1916      
451.10    1937      
451.20    1981      
451.30    2057      
451.40    2205      
451.50    1979      
451.60    2063      
451.70    2029      
451.80    2008      
451.90    2015      
452.00    2051      
452.10    2106      
452.20    2066      
452.30    2085      
452.40    2120      
452.50    2147      
452.60    2172      
452.70    2180      
452.80    2265      
452.90    2319      
453.00    2286      
453.10    2232      
453.20    2245      
453.30    2260      
453.40    2327      
453.50    2361      
453.60    2362      
453.70    2435      
453.80    2364      
453.90    2389      
454.00    2444      
454.10    2442      
454.20    2492      
454.30    2457      
454.40    2481      
454.50    2483      
454.60    2544      
454.70    2621      
454.80    2552      
454.90    2541      
455.00    2616      
455.10    2633      
455.20    2673      
455.30    2665      
455.40    2739      
455.50    2705      
455.60    2687      
455.70    2783      
455.80    2817      
455.90    2803      
456.00    2837      
456.10    2823      
456.20    2840      
456.30    2817      
456.40    2860      
456.50    2901      
456.60    2940      
456.70    2981      
456.80    2973      
456.90    3071      
457.00    2948      
457.10    3058      
457.20    3016      
457.30    3106      
457.40    3098      
457.50    3080      
457.60    3124      
457.70    3197      
457.80    3182      
457.90    3196      
458.00    3221      
458.10    3272      
458.20    3288      
458.30    3279      
458.40    3311      
458.50    3459      
458.60    3327      
458.70    3409      
458.80    3915      
458.90    3904      
459.00    3920      
459.10    3954      
459.20    3948      
459.30    3941      
459.40    3994      
459.50    3952      
459.60    3927      
459.70    3965      
459.80    3969      
459.90    3960      
460.00    3937      
460.10    3967      
460.20    3977      
460.30    4022      
460.40    3956      
460.50    3968      
460.60    4001      
460.70    4009      
460.80    4011      
460.90    3935      
461.00    3996      
461.10    4073      
461.20    4029      
461.30    3990      
461.40    4032      
461.50    3948      
461.60    4008      
461.70    4055      
461.80    3984      
461.90    3988      
462.00    3978      
462.10    4073      
462.20    3971      
462.30    3995      
462.40    4016      
462.50    4066      
462.60    4034      
462.70    4022      
462.80    4025      
462.90    4055      
463.00    3969      
463.10    3978      
463.20    4092      
463.30    4003      
463.40    4011      
463.50    3993      
463.60    4027      
463.70    4001      
463.80    3993      
463.90    4026      
464.00    3977      
464.10    4027      
464.20    4007      
464.30    3987      
464.40    3991      
464.50    4071      
464.60    3948      
464.70    4046      
464.80    3960      
464.90    3970      
465.00    3997      
465.10    4020      
465.20    3976      
465.30    3992      
465.40    4042      
465.50    4014      
465.60    4031      
465.70    4071      
465.80    3980      
465.90    4019      
466.00    3952      
466.10    3967      
466.20    3958      
466.30    3937      
466.40    3960      
466.50    3976      
466.60    3928      
466.70    3976      
466.80    3909      
466.90    3923      
467.00    3982      
467.10    3999      
467.20    3951      
467.30    3924      
467.40    3938      
467.50    3880      
467.60    3897      
467.70    3922      
467.80    3934      
467.90    3890      
468.00    3956      
468.10    3897      
468.20    3841      
468.30    3847      
468.40    3842      
468.50    3867      
468.60    3853      
468.70    3830      
468.80    3904      
468.90    3859      
469.00    3816      
469.10    3753      
469.20    3266      
469.30    3018      
469.40    2977      
469.50    2924      
469.60    2920      
469.70    2963      
469.80    2888      
469.90    2906      
470.00    2939      
470.10    2821      
470.20    2820      
470.30    2863      
470.40    2824      
470.50    2825      
470.60    2769      
470.70    2738      
470.80    2722      
470.90    2727      
471.00    2756      
471.10    2683      
471.20    2655      
471.30    2651      
471.40    2757      
471.50    2662      
471.60    2538      
471.70    2590      
471.80    2527      
471.90    2515      
472.00    2481      
472.10    2546      
472.20    2474      
472.30    2445      
472.40    2508      
472.50    2411      
472.60    2421      
472.70    2369      
472.80    2343      
472.90    2333      
473.00    2422      
473.10    2337      
473.20    2343      
473.30    2278      
473.40    2291      
473.50    2287      
473.60    2257      
473.70    2300      
473.80    2221      
473.90    2236      
474.00    2279      
474.10    2208      
474.20    2251      
474.30    2267      
474.40    2126      
474.50    2207      
474.60    2256      
474.70    2184      
474.80    2137      
474.90    2167      
475.00    2084      
475.10    2101      
475.20    2115      
475.30    2078      
475.40    2071      
475.50    2083      
475.60    2062      
475.70    2051      
475.80    2014      
475.90    2013      
476.00    2036      
476.10    1995      
476.20    2025      
476.30    2000      
476.40    2088      
476.50    2077      
476.60    1956      
476.70    2030      
476.80    1934      
476.90    1928      
477.00    1959      
477.10    1913      
477.20    1889      
477.30    1984      
477.40    1902      
477.50    1887      
477.60    1875      
477.70    1873      
477.80    2024      
477.90    1786      
478.00    1906      
478.10    1880      
478.20    1784      
478.30    1815      
478.40    1887      
478.50    1798      
478.60    1850      
478.70    1835      
478.80    1795      
478.90    1769      
479.00    1737      
479.10    1748      
479.20    1842      
479.30    1722      
479.40    1818      
479.50    1750      
479.60    1804      
479.70    1742      
479.80    1805      
479.90    1716      
480.00    1740      
480.10    1732      
480.20    1689      
480.30    1690      
480.40    1659      
480.50    1673      
480.60    1699      
480.70    1714      
480.80    1614      
480.90    1632      
481.00    1632      
481.10    1634      
481.20    1588      
481.30    1570      
481.40    1594      
481.50    1587      
481.60    1577      
481.70    1583      
481.80    1633      
481.90    1629      
482.00    1607      
482.10    1536      
482.20    1599      
482.30    1563      
482.40    1545      
482.50    1495      
482.60    1516      
482.70    1531      
482.80    1526      
482.90    1579      
483.00    1561      
483.10    1473      
483.20    1474      
483.30    1541      
483.40    1511      
483.50    1551      
483.60    1441      
483.70    1472      
483.80    1433      
483.90    1445      
484.00    1399      
484.10    1388      
484.20    1429      
484.30    1441      
484.40    1441      
484.50    1472      
484.60    1425      
484.70    1363      
484.80    1324      
484.90    1353      
485.00    1363      
485.10    1362      
485.20    1410      
485.30    1360      
485.40    1327      
485.50    1331      
485.60    1334      
485.70    1283      
485.80    1345      
485.90    1302      
486.00    1283      
486.10    1302      
486.20    1318      
486.30    1289      
486.40    1312      
486.50    1271      
486.60    1260      
486.70    1250      
486.80    1234      
486.90    1251      
487.00    1269      
487.10    1240      
487.20    1235      
487.30    1263      
487.40    1210      
487.50    1265      
487.60    1210      
487.70    1185      
487.80    1304      
487.90    1185      
488.00    1198      
488.10    1236      
488.20    1161      
488.30    1217      
488.40    1185      
488.50    1208      
488.60    1200      
488.70    1158      
488.80    1208      
488.90    1148      
489.00    1142      
489.10    1139      
489.20    1171      
489.30    1191      
489.40    1177      
489.50    1154      
489.60    1151      
489.70    1121      
489.80    1098      
489.90    1124      
490.00    1118      
490.10    1111      
490.20    1117      
490.30    1069      
490.40    1174      
490.50    1108      
490.60    1168      
490.70    1146      
490.80    1104      
490.90    1068      
491.00    1100      
491.10    1047      
491.20    1111      
491.30    1054      
491.40    1071      
491.50    1135      
491.60    1117      
491.70    1130      
491.80    1056      
491.90    1095      
492.00    1055      
492.10    1079      
492.20    1019      
492.30    1043      
492.40    993       
492.50    1052      
492.60    1045      
492.70    1080      
492.80    1100      
492.90    1124      
493.00    1056      
493.10    1074      
493.20    1114      
493.30    1053      
493.40    999       
493.50    1018      
493.60    1054      
493.70    977       
493.80    1031      
493.90    1019      
494.00    1029      
494.10    1035      
494.20    1060      
494.30    985       
494.40    1029      
494.50    975       
494.60    993       
494.70    1009      
494.80    986       
494.90    1099      
495.00    1061      
495.10    997       
495.20    1096      
495.30    1015      
495.40    947       
495.50    1008      
495.60    910       
495.70    1003      
495.80    966       
495.90    964       
496.00    1002      
496.10    1032      
496.20    1104      
496.30    969       
496.40    925       
496.50    957       
496.60    995       
496.70    984       
496.80    947       
496.90    982       
497.00    966       
497.10    921       
497.20    1020      
497.30    981       
497.40    979       
497.50    956       
497.60    985       
497.70    926       
497.80    940       
497.90    943       
498.00    947       
498.10    1015      
498.20    984       
498.30    917       
498.40    985       
498.50    931       
498.60    940       
498.70    958       
498.80    955       
498.90    950       
499.00    1078      
499.10    940       
499.20    1024      
499.30    942       
499.40    1052      
499.50    968       
499.60    898       
499.70    956       
499.80    884       
499.90    894       
500.00    971       
500.10    897       
500.20    873       
500.30    987       
500.40    931       
500.50    955       
500.60    898       
500.70    895       
500.80    904       
500.90    916       
501.00    874       
501.10    933       
501.20    1072      
501.30    916       
501.40    893       
501.50    984       
501.60    919       
501.70    879       
501.80    930       
501.90    1019      
502.00    901       
502.10    934       
502.20    848       
502.30    925       
502.40    880       
502.50    915       
502.60    872       
502.70    930       
502.80    916       
502.90    877       
503.00    924       
503.10    851       
503.20    848       
503.30    877       
503.40    873       
503.50    948       
503.60    896       
503.70    910       
503.80    939       
503.90    872       
504.00    849       
504.10    899       
504.20    886       
504.30    863       
504.40    891       
504.50    858       
504.60    927       
504.70    962       
504.80    853       
504.90    872       
505.00    914       
505.10    810       
505.20    895       
505.30    844       
505.40    1032      
505.50    883       
505.60    872       
505.70    861       
505.80    849       
505.90    910       
506.00    881       
506.10    828       
506.20    842       
506.30    845       
506.40    861       
506.50    855       
506.60    920       
506.70    834       
506.80    892       
506.90    850       
507.00    814       
507.10    858       
507.20    854       
507.30    915       
507.40    909       
507.50    824       
507.60    900       
507.70    902       
507.80    825       
507.90    901       
508.00    833       
508.10    987       
508.20    884       
508.30    848       
508.40    811       
508.50    826       
508.60    836       
508.70    839       
508.80    859       
508.90    831       
509.00    988       
509.10    869       
509.20    815       
509.30    854       
509.40    879       
509.50    835       
509.60    816       
509.70    782       
509.80    868       
509.90    801       
510.00    796       
510.10    877       
510.20    794       
510.30    834       
510.40    840       
510.50    849       
510.60    817       
510.70    798       
510.80    792       
510.90    872       
511.00    794       
511.10    822       
511.20    830       
511.30    871       
511.40    844       
511.50    908       
511.60    810       
511.70    871       
511.80    831       
511.90    815       
512.00    784       
512.10    821       
512.20    874       
512.30    873       
512.40    817       
512.50    783       
512.60    836       
512.70    848       
512.80    796       
512.90    772       
513.00    824       
513.10    823       
513.20    862       
513.30    819       
513.40    832       
513.50    842       
513.60    825       
513.70    858       
513.80    893       
513.90    795       
514.00    806       
514.10    836       
514.20    815       
514.30    818       
514.40    850       
514.50    881       
514.60    820       
514.70    815       
514.80    828       
514.90    861       
515.00    836       
515.10    903       
515.20    865       
515.30    866       
515.40    862       
515.50    822       
515.60    960       
515.70    878       
515.80    869       
515.90    850       
516.00    859       
516.10    797       
516.20    832       
516.30    930       
516.40    828       
516.50    846       
516.60    850       
516.70    833       
516.80    860       
516.90    825       
517.00    912       
517.10    775       
517.20    732       
517.30    817       
517.40    815       
517.50    809       
517.60    842       
517.70    868       
517.80    909       
517.90    837       
518.00    913       
518.10    884       
518.20    786       
518.30    850       
518.40    826       
518.50    803       
518.60    865       
518.70    900       
518.80    843       
518.90    842       
519.00    786       
519.10    817       
519.20    772       
519.30    844       
519.40    801       
519.50    798       
519.60    816       
519.70    827       
519.80    840       
519.90    861       
520.00    840       
520.10    799       
520.20    845       
520.30    776       
520.40    780       
520.50    775       
520.60    819       
520.70    806       
520.80    842       
520.90    811       
521.00    772       
521.10    809       
521.20    812       
521.30    772       
521.40    786       
521.50    786       
521.60    781       
521.70    792       
521.80    782       
521.90    809       
522.00    780       
522.10    785       
522.20    811       
522.30    823       
522.40    842       
522.50    812       
522.60    779       
522.70    788       
522.80    880       
522.90    819       
523.00    827       
523.10    812       
523.20    930       
523.30    810       
523.40    818       
523.50    795       
523.60    801       
523.70    788       
523.80    805       
523.90    829       
524.00    784       
524.10    827       
524.20    817       
524.30    782       
524.40    845       
524.50    820       
524.60    825       
524.70    807       
524.80    759       
524.90    800       
525.00    810       
525.10    790       
525.20    810       
525.30    908       
525.40    809       
525.50    814       
525.60    837       
525.70    800       
525.80    747       
525.90    791       
526.00    837       
526.10    805       
526.20    807       
526.30    799       
526.40    790       
526.50    847       
526.60    858       
526.70    849       
526.80    828       
526.90    763       
527.00    776       
527.10    819       
527.20    822       
527.30    865       
527.40    859       
527.50    853       
527.60    856       
527.70    836       
527.80    846       
527.90    850       
528.00    826       
528.10    798       
528.20    855       
528.30    818       
528.40    840       
528.50    857       
528.60    839       
528.70    784       
528.80    869       
528.90    793       
529.00    777       
529.10    753       
529.20    854       
529.30    837       
529.40    756       
529.50    870       
529.60    818       
529.70    829       
529.80    833       
529.90    792       
530.00    782       
