Wavelength    Value   
550.00    857       
550.10    948       
550.20    777       
550.30    774       
550.40    773       
550.50    811       
550.60    769       
550.70    824       
550.80    836       
550.90    865       
551.00    796       
551.10    889       
551.20    865       
551.30    848       
551.40    930       
551.50    851       
551.60    788       
551.70    798       
551.80    839       
551.90    811       
552.00    883       
552.10    895       
552.20    851       
552.30    810       
552.40    826       
552.50    867       
552.60    806       
552.70    793       
552.80    877       
552.90    805       
553.00    777       
553.10    809       
553.20    860       
553.30    830       
553.40    844       
553.50    774       
553.60    772       
553.70    799       
553.80    828       
553.90    856       
554.00    873       
554.10    806       
554.20    877       
554.30    842       
554.40    850       
554.50    913       
554.60    882       
554.70    787       
554.80    818       
554.90    864       
555.00    830       
555.10    812       
555.20    842       
555.30    811       
555.40    867       
555.50    821       
555.60    765       
555.70    813       
555.80    784       
555.90    775       
556.00    897       
556.10    824       
556.20    854       
556.30    821       
556.40    829       
556.50    850       
556.60    823       
556.70    783       
556.80    848       
556.90    775       
557.00    847       
557.10    922       
557.20    811       
557.30    870       
557.40    856       
557.50    811       
557.60    860       
557.70    842       
557.80    829       
557.90    871       
558.00    792       
558.10    919       
558.20    847       
558.30    931       
558.40    816       
558.50    866       
558.60    884       
558.70    810       
558.80    779       
558.90    827       
559.00    807       
559.10    813       
559.20    812       
559.30    813       
559.40    886       
559.50    865       
559.60    858       
559.70    947       
559.80    839       
559.90    789       
560.00    785       
560.10    820       
560.20    855       
560.30    857       
560.40    959       
560.50    920       
560.60    802       
560.70    879       
560.80    834       
560.90    826       
561.00    844       
561.10    810       
561.20    755       
561.30    821       
561.40    859       
561.50    841       
561.60    1025      
561.70    873       
561.80    874       
561.90    845       
562.00    845       
562.10    865       
562.20    853       
562.30    830       
562.40    838       
562.50    816       
562.60    851       
562.70    946       
562.80    855       
562.90    890       
563.00    808       
563.10    845       
563.20    848       
563.30    833       
563.40    821       
563.50    896       
563.60    818       
563.70    822       
563.80    845       
563.90    831       
564.00    851       
564.10    817       
564.20    801       
564.30    831       
564.40    856       
564.50    837       
564.60    845       
564.70    833       
564.80    856       
564.90    883       
565.00    940       
565.10    841       
565.20    804       
565.30    881       
565.40    840       
565.50    840       
565.60    855       
565.70    789       
565.80    894       
565.90    848       
566.00    819       
566.10    947       
566.20    907       
566.30    837       
566.40    826       
566.50    844       
566.60    916       
566.70    874       
566.80    916       
566.90    867       
567.00    859       
567.10    922       
567.20    905       
567.30    912       
567.40    961       
567.50    975       
567.60    894       
567.70    930       
567.80    865       
567.90    897       
568.00    916       
568.10    879       
568.20    861       
568.30    881       
568.40    822       
568.50    853       
568.60    849       
568.70    819       
568.80    845       
568.90    901       
569.00    842       
569.10    899       
569.20    892       
569.30    881       
569.40    909       
569.50    865       
569.60    881       
569.70    876       
569.80    887       
569.90    860       
570.00    905       
570.10    972       
570.20    883       
570.30    859       
570.40    1050      
570.50    844       
570.60    894       
570.70    892       
570.80    849       
570.90    880       
571.00    909       
571.10    877       
571.20    890       
571.30    908       
571.40    1022      
571.50    921       
571.60    911       
571.70    927       
571.80    887       
571.90    867       
572.00    989       
572.10    910       
572.20    909       
572.30    930       
572.40    885       
572.50    935       
572.60    894       
572.70    916       
572.80    901       
572.90    1055      
573.00    926       
573.10    965       
573.20    922       
573.30    914       
573.40    934       
573.50    952       
573.60    980       
573.70    917       
573.80    900       
573.90    921       
574.00    900       
574.10    939       
574.20    958       
574.30    1016      
574.40    1009      
574.50    964       
574.60    931       
574.70    954       
574.80    930       
574.90    942       
575.00    918       
575.10    926       
575.20    953       
575.30    931       
575.40    921       
575.50    1017      
575.60    1004      
575.70    1007      
575.80    977       
575.90    927       
576.00    1005      
576.10    963       
576.20    965       
576.30    1022      
576.40    1031      
576.50    992       
576.60    1033      
576.70    972       
576.80    991       
576.90    1003      
577.00    1016      
577.10    1021      
577.20    951       
577.30    1014      
577.40    949       
577.50    1022      
577.60    1011      
577.70    1071      
577.80    1030      
577.90    987       
578.00    990       
578.10    1061      
578.20    985       
578.30    1006      
578.40    1023      
578.50    1017      
578.60    1094      
578.70    998       
578.80    1021      
578.90    1044      
579.00    1027      
579.10    1093      
579.20    1035      
579.30    1037      
579.40    1020      
579.50    1030      
579.60    1043      
579.70    1050      
579.80    1102      
579.90    1146      
580.00    1165      
580.10    1071      
580.20    1061      
580.30    1055      
580.40    1077      
580.50    1050      
580.60    1070      
580.70    1107      
580.80    1116      
580.90    1141      
581.00    1155      
581.10    1111      
581.20    1118      
581.30    1095      
581.40    1118      
581.50    1155      
581.60    1182      
581.70    1156      
581.80    1099      
581.90    1185      
582.00    1174      
582.10    1092      
582.20    1139      
582.30    1167      
582.40    1154      
582.50    1146      
582.60    1164      
582.70    1202      
582.80    1235      
582.90    1128      
583.00    1136      
583.10    1237      
583.20    1227      
583.30    1156      
583.40    1185      
583.50    1196      
583.60    1170      
583.70    1266      
583.80    1225      
583.90    1217      
584.00    1213      
584.10    1224      
584.20    1293      
584.30    1228      
584.40    1247      
584.50    1226      
584.60    1223      
584.70    1208      
584.80    1277      
584.90    1218      
585.00    1212      
585.10    1305      
585.20    1384      
585.30    1315      
585.40    1275      
585.50    1251      
585.60    1279      
585.70    1266      
585.80    1284      
585.90    1288      
586.00    1333      
586.10    1370      
586.20    1281      
586.30    1356      
586.40    1299      
586.50    1302      
586.60    1360      
586.70    1312      
586.80    1325      
586.90    1315      
587.00    1351      
587.10    1414      
587.20    1340      
587.30    1331      
587.40    1338      
587.50    1301      
587.60    1392      
587.70    1398      
587.80    1333      
587.90    1462      
588.00    1353      
588.10    1409      
588.20    1404      
588.30    1383      
588.40    1534      
588.50    1422      
588.60    1381      
588.70    1472      
588.80    1360      
588.90    1364      
589.00    1427      
589.10    1412      
589.20    1409      
589.30    1464      
589.40    1377      
589.50    1431      
589.60    1421      
589.70    1427      
589.80    1452      
589.90    1462      
590.00    1457      
590.10    1462      
590.20    1439      
590.30    1449      
590.40    1541      
590.50    1464      
590.60    1590      
590.70    1466      
590.80    1494      
590.90    1447      
591.00    1445      
591.10    1502      
591.20    1441      
591.30    1482      
591.40    1562      
591.50    1512      
591.60    1516      
591.70    1538      
591.80    1538      
591.90    1451      
592.00    1496      
592.10    1499      
592.20    1563      
592.30    1511      
592.40    1483      
592.50    1510      
592.60    1509      
592.70    1474      
592.80    1483      
592.90    1497      
593.00    1460      
593.10    1452      
593.20    1575      
593.30    1485      
593.40    1474      
593.50    1519      
593.60    1547      
593.70    1596      
593.80    1519      
593.90    1470      
594.00    1459      
594.10    1404      
594.20    1431      
594.30    1469      
594.40    1410      
594.50    1495      
594.60    1440      
594.70    1456      
594.80    1507      
594.90    1384      
595.00    1431      
595.10    1409      
595.20    1347      
595.30    1329      
595.40    1310      
595.50    1361      
595.60    1359      
595.70    1310      
595.80    1330      
595.90    1376      
596.00    1260      
596.10    1372      
596.20    1201      
596.30    1278      
596.40    1257      
596.50    1267      
596.60    1323      
596.70    1212      
596.80    1213      
596.90    1240      
597.00    1244      
597.10    1197      
597.20    1200      
597.30    1156      
597.40    1174      
597.50    1198      
597.60    1172      
597.70    1130      
597.80    1147      
597.90    1215      
598.00    1188      
598.10    1160      
598.20    1108      
598.30    1148      
598.40    1137      
598.50    1081      
598.60    1137      
598.70    1199      
598.80    1160      
598.90    1157      
599.00    1109      
599.10    1133      
599.20    1098      
599.30    1065      
599.40    1058      
599.50    1060      
599.60    1121      
599.70    1041      
599.80    1084      
599.90    1074      
600.00    1043      
600.10    1036      
600.20    1014      
600.30    1011      
600.40    1022      
600.50    962       
600.60    1008      
600.70    1038      
600.80    1011      
600.90    983       
601.00    988       
601.10    1087      
601.20    1034      
601.30    964       
601.40    988       
601.50    932       
601.60    906       
601.70    923       
601.80    929       
601.90    977       
602.00    991       
602.10    940       
602.20    997       
602.30    994       
602.40    965       
602.50    920       
602.60    905       
602.70    970       
602.80    1003      
602.90    938       
603.00    924       
603.10    970       
603.20    972       
603.30    1007      
603.40    934       
603.50    900       
603.60    906       
603.70    900       
603.80    888       
603.90    949       
604.00    925       
604.10    916       
604.20    939       
604.30    954       
604.40    954       
604.50    897       
604.60    875       
604.70    859       
604.80    1007      
604.90    897       
605.00    933       
605.10    904       
605.20    907       
605.30    923       
605.40    853       
605.50    911       
605.60    895       
605.70    824       
605.80    859       
605.90    891       
606.00    920       
606.10    974       
606.20    996       
606.30    912       
606.40    845       
606.50    898       
606.60    907       
606.70    930       
606.80    817       
606.90    939       
607.00    940       
607.10    866       
607.20    853       
607.30    924       
607.40    838       
607.50    937       
607.60    886       
607.70    814       
607.80    896       
607.90    853       
608.00    848       
608.10    850       
608.20    919       
608.30    869       
608.40    832       
608.50    853       
608.60    841       
608.70    830       
608.80    855       
608.90    822       
609.00    909       
609.10    851       
609.20    874       
609.30    823       
609.40    863       
609.50    834       
609.60    870       
609.70    823       
609.80    847       
609.90    803       
610.00    807       
610.10    838       
610.20    859       
610.30    871       
610.40    894       
610.50    826       
610.60    901       
610.70    832       
610.80    779       
610.90    764       
611.00    836       
611.10    779       
611.20    951       
611.30    821       
611.40    874       
611.50    833       
611.60    848       
611.70    827       
611.80    848       
611.90    903       
612.00    845       
612.10    784       
612.20    787       
612.30    819       
612.40    819       
612.50    835       
612.60    852       
612.70    959       
612.80    830       
612.90    796       
613.00    822       
613.10    802       
613.20    754       
613.30    855       
613.40    809       
613.50    881       
613.60    778       
613.70    845       
613.80    830       
613.90    833       
614.00    787       
614.10    793       
614.20    799       
614.30    804       
614.40    883       
614.50    785       
614.60    776       
614.70    837       
614.80    813       
614.90    890       
615.00    841       
615.10    786       
615.20    777       
615.30    803       
615.40    898       
615.50    793       
615.60    792       
615.70    810       
615.80    803       
615.90    805       
616.00    828       
616.10    811       
616.20    765       
616.30    757       
616.40    816       
616.50    813       
616.60    843       
616.70    817       
616.80    820       
616.90    853       
617.00    787       
617.10    860       
617.20    887       
617.30    797       
617.40    753       
617.50    787       
617.60    880       
617.70    833       
617.80    868       
617.90    835       
618.00    802       
618.10    845       
618.20    842       
618.30    842       
618.40    784       
618.50    822       
618.60    830       
618.70    860       
618.80    801       
618.90    814       
619.00    835       
619.10    835       
619.20    842       
619.30    792       
619.40    813       
619.50    752       
619.60    802       
619.70    828       
619.80    789       
619.90    805       
620.00    804       
620.10    861       
620.20    784       
620.30    813       
620.40    788       
620.50    779       
620.60    804       
620.70    816       
620.80    830       
620.90    801       
621.00    824       
621.10    814       
621.20    879       
621.30    782       
621.40    851       
621.50    765       
621.60    759       
621.70    791       
621.80    829       
621.90    803       
622.00    797       
622.10    804       
622.20    826       
622.30    783       
622.40    734       
622.50    845       
622.60    799       
622.70    807       
622.80    821       
622.90    767       
623.00    789       
623.10    854       
623.20    827       
623.30    793       
623.40    810       
623.50    768       
623.60    763       
623.70    791       
623.80    839       
623.90    790       
624.00    780       
624.10    859       
624.20    763       
624.30    854       
624.40    776       
624.50    790       
624.60    782       
624.70    778       
624.80    827       
624.90    813       
625.00    765       
625.10    784       
625.20    872       
625.30    821       
625.40    828       
625.50    781       
625.60    809       
625.70    790       
625.80    786       
625.90    817       
626.00    787       
626.10    891       
626.20    905       
626.30    870       
626.40    830       
626.50    819       
626.60    761       
626.70    706       
626.80    796       
626.90    788       
627.00    770       
627.10    822       
627.20    844       
627.30    840       
627.40    905       
627.50    796       
627.60    791       
627.70    828       
627.80    848       
627.90    794       
628.00    788       
628.10    778       
628.20    800       
628.30    748       
628.40    791       
628.50    833       
628.60    848       
628.70    822       
628.80    753       
628.90    755       
629.00    844       
629.10    800       
629.20    788       
629.30    823       
629.40    859       
629.50    844       
629.60    738       
629.70    844       
629.80    749       
629.90    829       
630.00    785       
630.10    845       
630.20    750       
630.30    828       
630.40    828       
630.50    800       
630.60    786       
630.70    800       
630.80    891       
630.90    786       
631.00    785       
631.10    825       
631.20    771       
631.30    826       
631.40    809       
631.50    800       
631.60    846       
631.70    823       
631.80    782       
631.90    770       
632.00    744       
632.10    755       
632.20    744       
632.30    792       
632.40    832       
632.50    836       
632.60    794       
632.70    825       
632.80    794       
632.90    812       
633.00    784       
633.10    784       
633.20    807       
633.30    758       
633.40    793       
633.50    765       
633.60    813       
633.70    809       
633.80    810       
633.90    826       
634.00    761       
634.10    793       
634.20    804       
634.30    864       
634.40    789       
634.50    775       
634.60    859       
634.70    771       
634.80    927       
634.90    773       
635.00    801       
635.10    862       
635.20    811       
635.30    855       
635.40    816       
635.50    826       
635.60    827       
635.70    852       
635.80    827       
635.90    769       
636.00    799       
636.10    812       
636.20    826       
636.30    837       
636.40    812       
636.50    778       
636.60    824       
636.70    831       
636.80    782       
636.90    800       
637.00    822       
637.10    808       
637.20    763       
637.30    783       
637.40    764       
637.50    798       
637.60    840       
637.70    794       
637.80    818       
637.90    955       
638.00    863       
638.10    823       
638.20    811       
638.30    774       
638.40    849       
638.50    778       
638.60    761       
638.70    757       
638.80    889       
638.90    978       
639.00    826       
639.10    782       
639.20    762       
639.30    815       
639.40    777       
639.50    788       
639.60    816       
639.70    790       
639.80    844       
639.90    836       
640.00    877       
640.10    836       
640.20    805       
640.30    785       
640.40    780       
640.50    779       
640.60    803       
640.70    878       
640.80    779       
640.90    787       
641.00    835       
641.10    782       
641.20    795       
641.30    845       
641.40    803       
641.50    751       
641.60    808       
641.70    777       
641.80    864       
641.90    810       
642.00    878       
642.10    825       
642.20    812       
642.30    777       
642.40    801       
642.50    777       
642.60    867       
642.70    806       
642.80    845       
642.90    794       
643.00    812       
643.10    836       
643.20    790       
643.30    916       
643.40    872       
643.50    756       
643.60    764       
643.70    809       
643.80    781       
643.90    747       
644.00    901       
644.10    776       
644.20    775       
644.30    855       
644.40    849       
644.50    758       
644.60    767       
644.70    854       
644.80    830       
644.90    809       
645.00    809       
645.10    811       
645.20    832       
645.30    831       
645.40    781       
645.50    800       
645.60    827       
645.70    841       
645.80    770       
645.90    751       
646.00    914       
646.10    835       
646.20    740       
646.30    797       
646.40    800       
646.50    769       
646.60    807       
646.70    757       
646.80    745       
646.90    797       
647.00    760       
647.10    837       
647.20    852       
647.30    833       
647.40    781       
647.50    894       
647.60    752       
647.70    778       
647.80    797       
647.90    830       
648.00    831       
648.10    748       
648.20    827       
648.30    867       
648.40    805       
648.50    830       
648.60    938       
648.70    772       
648.80    824       
648.90    787       
649.00    813       
649.10    816       
649.20    850       
649.30    811       
649.40    786       
649.50    803       
649.60    802       
649.70    770       
649.80    808       
649.90    801       
650.00    773       
