Wavelength    Value    
300.00    820       
300.10    819       
300.20    877       
300.30    821       
300.40    729       
300.50    770       
300.60    815       
300.70    792       
300.80    882       
300.90    820       
301.00    825       
301.10    916       
301.20    807       
301.30    800       
301.40    882       
301.50    787       
301.60    787       
301.70    770       
301.80    791       
301.90    844       
302.00    904       
302.10    864       
302.20    873       
302.30    797       
302.40    781       
302.50    795       
302.60    756       
302.70    813       
302.80    779       
302.90    850       
303.00    826       
303.10    866       
303.20    815       
303.30    863       
303.40    822       
303.50    806       
303.60    788       
303.70    823       
303.80    808       
303.90    789       
304.00    815       
304.10    793       
304.20    831       
304.30    803       
304.40    807       
304.50    789       
304.60    832       
304.70    797       
304.80    793       
304.90    821       
305.00    790       
305.10    819       
305.20    781       
305.30    793       
305.40    814       
305.50    785       
305.60    845       
305.70    850       
305.80    801       
305.90    822       
306.00    808       
306.10    774       
306.20    815       
306.30    803       
306.40    853       
306.50    842       
306.60    858       
306.70    854       
306.80    877       
306.90    822       
307.00    820       
307.10    836       
307.20    845       
307.30    807       
307.40    806       
307.50    892       
307.60    808       
307.70    929       
307.80    801       
307.90    913       
308.00    806       
308.10    811       
308.20    841       
308.30    762       
308.40    794       
308.50    889       
308.60    870       
308.70    868       
308.80    826       
308.90    784       
309.00    871       
309.10    818       
309.20    860       
309.30    856       
309.40    790       
309.50    836       
309.60    860       
309.70    811       
309.80    843       
309.90    879       
310.00    831       
310.10    852       
310.20    886       
310.30    859       
310.40    794       
310.50    782       
310.60    802       
310.70    832       
310.80    818       
310.90    781       
311.00    853       
311.10    794       
311.20    791       
311.30    850       
311.40    864       
311.50    798       
311.60    800       
311.70    758       
311.80    853       
311.90    798       
312.00    799       
312.10    884       
312.20    909       
312.30    819       
312.40    831       
312.50    838       
312.60    839       
312.70    827       
312.80    776       
312.90    784       
313.00    875       
313.10    786       
313.20    814       
313.30    828       
313.40    799       
313.50    864       
313.60    771       
313.70    790       
313.80    884       
313.90    788       
314.00    794       
314.10    786       
314.20    924       
314.30    776       
314.40    823       
314.50    766       
314.60    840       
314.70    833       
314.80    873       
314.90    752       
315.00    786       
315.10    746       
315.20    811       
315.30    817       
315.40    813       
315.50    801       
315.60    821       
315.70    899       
315.80    848       
315.90    846       
316.00    753       
316.10    822       
316.20    768       
316.30    832       
316.40    820       
316.50    805       
316.60    850       
316.70    814       
316.80    770       
316.90    947       
317.00    808       
317.10    881       
317.20    776       
317.30    800       
317.40    805       
317.50    982       
317.60    787       
317.70    773       
317.80    828       
317.90    788       
318.00    810       
318.10    787       
318.20    787       
318.30    804       
318.40    763       
318.50    778       
318.60    855       
318.70    809       
318.80    865       
318.90    837       
319.00    900       
319.10    802       
319.20    781       
319.30    835       
319.40    799       
319.50    786       
319.60    771       
319.70    765       
319.80    779       
319.90    790       
320.00    895       
320.10    841       
320.20    866       
320.30    805       
320.40    806       
320.50    814       
320.60    829       
320.70    818       
320.80    774       
320.90    886       
321.00    807       
321.10    757       
321.20    855       
321.30    842       
321.40    796       
321.50    820       
321.60    834       
321.70    846       
321.80    798       
321.90    767       
322.00    833       
322.10    879       
322.20    767       
322.30    846       
322.40    812       
322.50    805       
322.60    869       
322.70    851       
322.80    817       
322.90    760       
323.00    819       
323.10    833       
323.20    858       
323.30    820       
323.40    808       
323.50    840       
323.60    790       
323.70    817       
323.80    813       
323.90    765       
324.00    788       
324.10    763       
324.20    820       
324.30    787       
324.40    779       
324.50    818       
324.60    798       
324.70    803       
324.80    887       
324.90    825       
325.00    808       
325.10    776       
325.20    765       
325.30    796       
325.40    909       
325.50    815       
325.60    861       
325.70    833       
325.80    823       
325.90    787       
326.00    809       
326.10    832       
326.20    757       
326.30    816       
326.40    874       
326.50    813       
326.60    833       
326.70    785       
326.80    899       
326.90    847       
327.00    863       
327.10    827       
327.20    820       
327.30    799       
327.40    854       
327.50    865       
327.60    794       
327.70    801       
327.80    790       
327.90    817       
328.00    958       
328.10    832       
328.20    788       
328.30    783       
328.40    821       
328.50    782       
328.60    831       
328.70    845       
328.80    855       
328.90    806       
329.00    813       
329.10    782       
329.20    802       
329.30    781       
329.40    848       
329.50    872       
329.60    838       
329.70    778       
329.80    803       
329.90    828       
330.00    827       
330.10    784       
330.20    817       
330.30    847       
330.40    789       
330.50    859       
330.60    793       
330.70    795       
330.80    794       
330.90    786       
331.00    816       
331.10    794       
331.20    827       
331.30    790       
331.40    823       
331.50    797       
331.60    853       
331.70    844       
331.80    772       
331.90    801       
332.00    816       
332.10    812       
332.20    846       
332.30    783       
332.40    842       
332.50    813       
332.60    818       
332.70    788       
332.80    774       
332.90    800       
333.00    869       
333.10    772       
333.20    783       
333.30    782       
333.40    906       
333.50    859       
333.60    789       
333.70    827       
333.80    810       
333.90    811       
334.00    839       
334.10    788       
334.20    852       
334.30    852       
334.40    790       
334.50    806       
334.60    875       
334.70    845       
334.80    803       
334.90    897       
335.00    866       
335.10    857       
335.20    772       
335.30    800       
335.40    799       
335.50    799       
335.60    888       
335.70    828       
335.80    807       
335.90    820       
336.00    831       
336.10    796       
336.20    787       
336.30    772       
336.40    874       
336.50    802       
336.60    827       
336.70    830       
336.80    839       
336.90    881       
337.00    914       
337.10    816       
337.20    863       
337.30    844       
337.40    840       
337.50    834       
337.60    840       
337.70    776       
337.80    854       
337.90    868       
338.00    798       
338.10    819       
338.20    828       
338.30    782       
338.40    766       
338.50    843       
338.60    782       
338.70    822       
338.80    828       
338.90    833       
339.00    844       
339.10    797       
339.20    847       
339.30    764       
339.40    852       
339.50    820       
339.60    810       
339.70    783       
339.80    814       
339.90    830       
340.00    833       
340.10    853       
340.20    787       
340.30    854       
340.40    827       
340.50    785       
340.60    770       
340.70    833       
340.80    849       
340.90    815       
341.00    801       
341.10    844       
341.20    854       
341.30    878       
341.40    852       
341.50    798       
341.60    844       
341.70    840       
341.80    801       
341.90    815       
342.00    827       
342.10    788       
342.20    817       
342.30    899       
342.40    808       
342.50    777       
342.60    778       
342.70    809       
342.80    847       
342.90    800       
343.00    804       
343.10    786       
343.20    755       
343.30    856       
343.40    831       
343.50    825       
343.60    914       
343.70    837       
343.80    833       
343.90    892       
344.00    820       
344.10    773       
344.20    867       
344.30    851       
344.40    865       
344.50    802       
344.60    863       
344.70    823       
344.80    855       
344.90    811       
345.00    787       
345.10    808       
345.20    832       
345.30    955       
345.40    817       
345.50    839       
345.60    823       
345.70    807       
345.80    827       
345.90    900       
346.00    808       
346.10    777       
346.20    805       
346.30    780       
346.40    802       
346.50    827       
346.60    814       
346.70    806       
346.80    833       
346.90    821       
347.00    764       
347.10    844       
347.20    805       
347.30    801       
347.40    774       
347.50    822       
347.60    827       
347.70    845       
347.80    827       
347.90    764       
348.00    835       
348.10    819       
348.20    779       
348.30    796       
348.40    806       
348.50    825       
348.60    815       
348.70    862       
348.80    806       
348.90    769       
349.00    911       
349.10    859       
349.20    812       
349.30    783       
349.40    781       
349.50    796       
349.60    864       
349.70    797       
349.80    846       
349.90    810       
350.00    836       
350.10    808       
350.20    834       
350.30    808       
350.40    815       
350.50    801       
350.60    779       
350.70    791       
350.80    726       
350.90    814       
351.00    814       
351.10    811       
351.20    795       
351.30    778       
351.40    823       
351.50    840       
351.60    810       
351.70    797       
351.80    747       
351.90    782       
352.00    896       
352.10    851       
352.20    810       
352.30    836       
352.40    850       
352.50    835       
352.60    807       
352.70    812       
352.80    796       
352.90    778       
353.00    767       
353.10    788       
353.20    845       
353.30    840       
353.40    802       
353.50    835       
353.60    833       
353.70    854       
353.80    887       
353.90    859       
354.00    781       
354.10    764       
354.20    788       
354.30    821       
354.40    898       
354.50    878       
354.60    869       
354.70    854       
354.80    802       
354.90    779       
355.00    761       
355.10    827       
355.20    765       
355.30    773       
355.40    804       
355.50    807       
355.60    845       
355.70    893       
355.80    850       
355.90    873       
356.00    807       
356.10    823       
356.20    825       
356.30    820       
356.40    828       
356.50    838       
356.60    819       
356.70    870       
356.80    831       
356.90    919       
357.00    818       
357.10    866       
357.20    831       
357.30    789       
357.40    807       
357.50    790       
357.60    803       
357.70    766       
357.80    824       
357.90    813       
358.00    812       
358.10    835       
358.20    784       
358.30    822       
358.40    824       
358.50    822       
358.60    803       
358.70    799       
358.80    848       
358.90    793       
359.00    854       
359.10    833       
359.20    851       
359.30    789       
359.40    838       
359.50    810       
359.60    797       
359.70    784       
359.80    848       
359.90    785       
360.00    876       
360.10    930       
360.20    788       
360.30    819       
360.40    852       
360.50    853       
360.60    766       
360.70    859       
360.80    903       
360.90    821       
361.00    785       
361.10    819       
361.20    884       
361.30    801       
361.40    853       
361.50    794       
361.60    864       
361.70    816       
361.80    801       
361.90    817       
362.00    848       
362.10    801       
362.20    832       
362.30    823       
362.40    832       
362.50    834       
362.60    830       
362.70    804       
362.80    865       
362.90    785       
363.00    779       
363.10    790       
363.20    827       
363.30    797       
363.40    800       
363.50    837       
363.60    813       
363.70    808       
363.80    815       
363.90    858       
364.00    828       
364.10    863       
364.20    960       
364.30    795       
364.40    781       
364.50    823       
364.60    832       
364.70    851       
364.80    796       
364.90    791       
365.00    765       
365.10    736       
365.20    865       
365.30    832       
365.40    793       
365.50    898       
365.60    921       
365.70    3029      
365.80    5198      
365.90    5214      
366.00    5194      
366.10    5048      
366.20    3299      
366.30    5035      
366.40    5238      
366.50    4926      
366.60    1700      
366.70    934       
366.80    819       
366.90    929       
367.00    1180      
367.10    4799      
367.20    5084      
367.30    4929      
367.40    2341      
367.50    935       
367.60    874       
367.70    853       
367.80    827       
367.90    797       
368.00    860       
368.10    872       
368.20    773       
368.30    804       
368.40    802       
368.50    816       
368.60    791       
368.70    797       
368.80    786       
368.90    817       
369.00    816       
369.10    792       
369.20    825       
369.30    812       
369.40    855       
369.50    787       
369.60    767       
369.70    823       
369.80    830       
369.90    803       
370.00    827       
370.10    858       
370.20    926       
370.30    878       
370.40    853       
370.50    821       
370.60    738       
370.70    878       
370.80    807       
370.90    804       
371.00    820       
371.10    845       
371.20    826       
371.30    944       
371.40    826       
371.50    829       
371.60    790       
371.70    900       
371.80    761       
371.90    795       
372.00    844       
372.10    815       
372.20    845       
372.30    823       
372.40    841       
372.50    830       
372.60    904       
372.70    845       
372.80    822       
372.90    757       
373.00    793       
373.10    815       
373.20    885       
373.30    807       
373.40    808       
373.50    804       
373.60    914       
373.70    841       
373.80    806       
373.90    779       
374.00    802       
374.10    793       
374.20    834       
374.30    807       
374.40    800       
374.50    866       
374.60    855       
374.70    774       
374.80    834       
374.90    857       
375.00    784       
375.10    789       
375.20    828       
375.30    837       
375.40    820       
375.50    835       
375.60    922       
375.70    873       
375.80    774       
375.90    814       
376.00    808       
376.10    792       
376.20    882       
376.30    802       
376.40    819       
376.50    821       
376.60    784       
376.70    798       
376.80    853       
376.90    824       
377.00    806       
377.10    891       
377.20    834       
377.30    738       
377.40    795       
377.50    799       
377.60    778       
377.70    827       
377.80    887       
377.90    811       
378.00    821       
378.10    849       
378.20    802       
378.30    804       
378.40    829       
378.50    837       
378.60    857       
378.70    813       
378.80    790       
378.90    802       
379.00    799       
379.10    780       
379.20    788       
379.30    865       
379.40    790       
379.50    828       
379.60    834       
379.70    836       
379.80    836       
379.90    796       
380.00    877       
380.10    800       
380.20    815       
380.30    779       
380.40    823       
380.50    838       
380.60    826       
380.70    863       
380.80    759       
380.90    803       
381.00    777       
381.10    836       
381.20    898       
381.30    887       
381.40    810       
381.50    804       
381.60    809       
381.70    800       
381.80    818       
381.90    791       
382.00    827       
382.10    802       
382.20    822       
382.30    854       
382.40    908       
382.50    838       
382.60    808       
382.70    793       
382.80    826       
382.90    820       
383.00    855       
383.10    826       
383.20    793       
383.30    846       
383.40    925       
383.50    914       
383.60    795       
383.70    768       
383.80    882       
383.90    813       
384.00    785       
384.10    779       
384.20    786       
384.30    835       
384.40    822       
384.50    855       
384.60    826       
384.70    800       
384.80    830       
384.90    814       
385.00    810       
385.10    774       
385.20    847       
385.30    843       
385.40    767       
385.50    848       
385.60    825       
385.70    819       
385.80    794       
385.90    875       
386.00    797       
386.10    795       
386.20    772       
386.30    816       
386.40    837       
386.50    836       
386.60    882       
386.70    822       
386.80    793       
386.90    789       
387.00    828       
387.10    800       
387.20    825       
387.30    791       
387.40    854       
387.50    786       
387.60    823       
387.70    841       
387.80    833       
387.90    820       
388.00    859       
388.10    839       
388.20    832       
388.30    859       
388.40    820       
388.50    775       
388.60    818       
388.70    804       
388.80    879       
388.90    899       
389.00    907       
389.10    834       
389.20    799       
389.30    781       
389.40    766       
389.50    892       
389.60    869       
389.70    785       
389.80    828       
389.90    804       
390.00    929       
390.10    813       
390.20    785       
390.30    822       
390.40    765       
390.50    781       
390.60    808       
390.70    835       
390.80    828       
390.90    842       
391.00    842       
391.10    781       
391.20    842       
391.30    976       
391.40    951       
391.50    854       
391.60    833       
391.70    801       
391.80    887       
391.90    859       
392.00    779       
392.10    805       
392.20    843       
392.30    890       
392.40    881       
392.50    771       
392.60    806       
392.70    801       
392.80    861       
392.90    816       
393.00    795       
393.10    818       
393.20    892       
393.30    819       
393.40    876       
393.50    1010      
393.60    835       
393.70    849       
393.80    768       
393.90    842       
394.00    804       
394.10    818       
394.20    824       
394.30    792       
394.40    854       
394.50    842       
394.60    763       
394.70    870       
394.80    822       
394.90    794       
395.00    853       
395.10    845       
395.20    903       
395.30    804       
395.40    918       
395.50    812       
395.60    792       
395.70    804       
395.80    834       
395.90    810       
396.00    781       
396.10    746       
396.20    915       
396.30    826       
396.40    820       
396.50    910       
396.60    803       
396.70    793       
396.80    842       
396.90    826       
397.00    768       
397.10    767       
397.20    819       
397.30    788       
397.40    794       
397.50    840       
397.60    869       
397.70    886       
397.80    821       
397.90    935       
398.00    854       
398.10    834       
398.20    800       
398.30    788       
398.40    824       
398.50    815       
398.60    837       
398.70    822       
398.80    830       
398.90    879       
399.00    880       
399.10    969       
399.20    910       
399.30    849       
399.40    797       
399.50    867       
399.60    806       
399.70    843       
399.80    791       
399.90    844       
400.00    870       
400.10    795       
400.20    770       
400.30    929       
400.40    815       
400.50    795       
400.60    798       
400.70    843       
400.80    807       
400.90    827       
401.00    827       
401.10    816       
401.20    816       
401.30    786       
401.40    820       
401.50    800       
401.60    810       
401.70    873       
401.80    785       
401.90    865       
402.00    840       
402.10    809       
402.20    866       
402.30    882       
402.40    835       
402.50    909       
402.60    838       
402.70    789       
402.80    791       
402.90    815       
403.00    814       
403.10    935       
403.20    895       
403.30    890       
403.40    836       
403.50    799       
403.60    830       
403.70    842       
403.80    827       
403.90    818       
404.00    828       
404.10    845       
404.20    838       
404.30    830       
404.40    949       
404.50    829       
404.60    920       
404.70    827       
404.80    831       
404.90    887       
405.00    935       
405.10    980       
405.20    3026      
405.30    5473      
405.40    5982      
405.50    5999      
405.60    5549      
405.70    4907      
405.80    1094      
405.90    918       
406.00    827       
406.10    835       
406.20    911       
406.30    840       
406.40    894       
406.50    885       
406.60    819       
406.70    791       
406.80    850       
406.90    818       
407.00    842       
407.10    864       
407.20    863       
407.30    909       
407.40    925       
407.50    817       
407.60    848       
407.70    824       
407.80    772       
407.90    914       
408.00    840       
408.10    824       
408.20    849       
408.30    1022      
408.40    4732      
408.50    5214      
408.60    5148      
408.70    2982      
408.80    1082      
408.90    815       
409.00    868       
409.10    832       
409.20    871       
409.30    855       
409.40    892       
409.50    848       
409.60    866       
409.70    820       
409.80    878       
409.90    817       
410.00    853       
410.10    815       
410.20    813       
410.30    816       
410.40    797       
410.50    851       
410.60    824       
410.70    837       
410.80    810       
410.90    835       
411.00    830       
411.10    797       
411.20    807       
411.30    814       
411.40    863       
411.50    813       
411.60    791       
411.70    866       
411.80    811       
411.90    834       
412.00    878       
412.10    813       
412.20    795       
412.30    819       
412.40    802       
412.50    848       
412.60    846       
412.70    797       
412.80    800       
412.90    840       
413.00    887       
413.10    851       
413.20    866       
413.30    850       
413.40    824       
413.50    882       
413.60    798       
413.70    796       
413.80    774       
413.90    865       
414.00    810       
414.10    854       
414.20    822       
414.30    839       
414.40    812       
414.50    815       
414.60    826       
414.70    819       
414.80    780       
414.90    799       
415.00    817       
415.10    784       
415.20    844       
415.30    817       
415.40    812       
415.50    897       
415.60    854       
415.70    778       
415.80    835       
415.90    774       
416.00    819       
416.10    838       
416.20    893       
416.30    846       
416.40    855       
416.50    807       
416.60    807       
416.70    786       
416.80    844       
416.90    778       
417.00    807       
417.10    787       
417.20    815       
417.30    841       
417.40    801       
417.50    851       
417.60    845       
417.70    861       
417.80    783       
417.90    786       
418.00    844       
418.10    800       
418.20    761       
418.30    824       
418.40    810       
418.50    869       
418.60    850       
418.70    840       
418.80    793       
418.90    767       
419.00    837       
419.10    787       
419.20    751       
419.30    820       
419.40    817       
419.50    810       
419.60    806       
419.70    838       
419.80    842       
419.90    808       
420.00    823       
420.10    798       
420.20    786       
420.30    765       
420.40    788       
420.50    808       
420.60    815       
420.70    807       
420.80    834       
420.90    821       
421.00    828       
421.10    856       
421.20    878       
421.30    812       
421.40    767       
421.50    782       
421.60    880       
421.70    817       
421.80    837       
421.90    831       
422.00    813       
422.10    775       
422.20    796       
422.30    813       
422.40    777       
422.50    784       
422.60    818       
422.70    859       
422.80    815       
422.90    835       
423.00    816       
423.10    801       
423.20    748       
423.30    909       
423.40    807       
423.50    808       
423.60    887       
423.70    762       
423.80    883       
423.90    836       
424.00    820       
424.10    821       
424.20    865       
424.30    836       
424.40    798       
424.50    903       
424.60    861       
424.70    790       
424.80    812       
424.90    763       
425.00    787       
425.10    815       
425.20    863       
425.30    790       
425.40    856       
425.50    859       
425.60    805       
425.70    830       
425.80    845       
425.90    807       
426.00    805       
426.10    810       
426.20    862       
426.30    849       
426.40    840       
426.50    764       
426.60    836       
426.70    892       
426.80    807       
426.90    755       
427.00    792       
427.10    803       
427.20    940       
427.30    785       
427.40    849       
427.50    812       
427.60    800       
427.70    842       
427.80    797       
427.90    802       
428.00    791       
428.10    853       
428.20    868       
428.30    835       
428.40    869       
428.50    838       
428.60    818       
428.70    782       
428.80    824       
428.90    851       
429.00    803       
429.10    826       
429.20    784       
429.30    835       
429.40    836       
429.50    813       
429.60    803       
429.70    819       
429.80    775       
429.90    821       
430.00    849       
430.10    821       
430.20    806       
430.30    771       
430.40    772       
430.50    822       
430.60    797       
430.70    840       
430.80    856       
430.90    867       
431.00    803       
431.10    830       
431.20    786       
431.30    810       
431.40    814       
431.50    817       
431.60    804       
431.70    852       
431.80    839       
431.90    800       
432.00    938       
432.10    848       
432.20    824       
432.30    831       
432.40    824       
432.50    849       
432.60    805       
432.70    845       
432.80    785       
432.90    853       
433.00    837       
433.10    902       
433.20    923       
433.30    832       
433.40    753       
433.50    785       
433.60    818       
433.70    876       
433.80    834       
433.90    848       
434.00    824       
434.10    866       
434.20    824       
434.30    831       
434.40    788       
434.50    812       
434.60    1116      
434.70    1274      
434.80    1095      
434.90    926       
435.00    891       
435.10    917       
435.20    885       
435.30    935       
435.40    1445      
435.50    2312      
435.60    1716      
435.70    1163      
435.80    996       
435.90    900       
436.00    974       
436.10    1007      
436.20    1104      
436.30    1679      
436.40    5279      
436.50    6031      
436.60    6456      
436.70    6063      
436.80    5416      
436.90    1975      
437.00    1104      
437.10    946       
437.20    954       
437.30    912       
437.40    901       
437.50    872       
437.60    926       
437.70    854       
437.80    824       
437.90    790       
438.00    824       
438.10    861       
438.20    838       
438.30    914       
438.40    854       
438.50    814       
438.60    814       
438.70    853       
438.80    879       
438.90    748       
439.00    847       
439.10    823       
439.20    872       
439.30    860       
439.40    805       
439.50    827       
439.60    830       
439.70    867       
439.80    832       
439.90    870       
440.00    811       
440.10    857       
440.20    866       
440.30    798       
440.40    852       
440.50    822       
440.60    847       
440.70    779       
440.80    799       
440.90    797       
441.00    829       
441.10    879       
441.20    844       
441.30    790       
441.40    888       
441.50    828       
441.60    839       
441.70    863       
441.80    877       
441.90    835       
442.00    807       
442.10    762       
442.20    827       
442.30    808       
442.40    793       
442.50    802       
442.60    886       
442.70    831       
442.80    796       
442.90    808       
443.00    932       
443.10    783       
443.20    867       
443.30    781       
443.40    802       
443.50    809       
443.60    796       
443.70    805       
443.80    891       
443.90    858       
444.00    847       
444.10    819       
444.20    850       
444.30    831       
444.40    833       
444.50    822       
444.60    813       
444.70    809       
444.80    802       
444.90    808       
445.00    891       
445.10    823       
445.20    829       
445.30    818       
445.40    762       
445.50    817       
445.60    857       
445.70    791       
445.80    814       
445.90    767       
446.00    809       
446.10    859       
446.20    883       
446.30    828       
446.40    843       
446.50    801       
446.60    804       
446.70    737       
446.80    920       
446.90    796       
447.00    755       
447.10    822       
447.20    911       
447.30    835       
447.40    800       
447.50    754       
447.60    787       
447.70    778       
447.80    833       
447.90    784       
448.00    803       
448.10    821       
448.20    781       
448.30    828       
448.40    765       
448.50    781       
448.60    771       
448.70    806       
448.80    791       
448.90    775       
449.00    848       
449.10    822       
449.20    819       
449.30    882       
449.40    879       
449.50    829       
449.60    880       
449.70    799       
449.80    805       
449.90    779       
450.00    831       
450.10    822       
450.20    879       
450.30    849       
450.40    792       
450.50    845       
450.60    806       
450.70    826       
450.80    783       
450.90    789       
451.00    775       
451.10    807       
451.20    814       
451.30    786       
451.40    915       
451.50    830       
451.60    863       
451.70    849       
451.80    819       
451.90    847       
452.00    797       
452.10    783       
452.20    825       
452.30    841       
452.40    798       
452.50    807       
452.60    812       
452.70    841       
452.80    800       
452.90    788       
453.00    773       
453.10    765       
453.20    754       
453.30    794       
453.40    790       
453.50    833       
453.60    852       
453.70    857       
453.80    827       
453.90    821       
454.00    831       
454.10    802       
454.20    893       
454.30    775       
454.40    815       
454.50    842       
454.60    822       
454.70    809       
454.80    796       
454.90    865       
455.00    850       
455.10    850       
455.20    817       
455.30    815       
455.40    822       
455.50    808       
455.60    841       
455.70    818       
455.80    877       
455.90    830       
456.00    842       
456.10    836       
456.20    785       
456.30    836       
456.40    782       
456.50    792       
456.60    942       
456.70    819       
456.80    874       
456.90    829       
457.00    775       
457.10    879       
457.20    844       
457.30    832       
457.40    781       
457.50    805       
457.60    824       
457.70    792       
457.80    871       
457.90    849       
458.00    861       
458.10    884       
458.20    829       
458.30    980       
458.40    789       
458.50    808       
458.60    815       
458.70    817       
458.80    865       
458.90    792       
459.00    866       
459.10    782       
459.20    836       
459.30    776       
459.40    786       
459.50    766       
459.60    787       
459.70    758       
459.80    742       
459.90    921       
460.00    806       
460.10    760       
460.20    793       
460.30    823       
460.40    819       
460.50    806       
460.60    832       
460.70    785       
460.80    846       
460.90    763       
461.00    818       
461.10    789       
461.20    771       
461.30    829       
461.40    815       
461.50    860       
461.60    808       
461.70    791       
461.80    821       
461.90    820       
462.00    798       
462.10    775       
462.20    819       
462.30    864       
462.40    938       
462.50    861       
462.60    805       
462.70    818       
462.80    800       
462.90    753       
463.00    860       
463.10    871       
463.20    800       
463.30    803       
463.40    880       
463.50    833       
463.60    802       
463.70    799       
463.80    840       
463.90    766       
464.00    792       
464.10    771       
464.20    846       
464.30    794       
464.40    812       
464.50    783       
464.60    871       
464.70    877       
464.80    857       
464.90    832       
465.00    821       
465.10    818       
465.20    829       
465.30    784       
465.40    798       
465.50    810       
465.60    859       
465.70    926       
465.80    799       
465.90    801       
466.00    797       
466.10    792       
466.20    782       
466.30    767       
466.40    854       
466.50    794       
466.60    865       
466.70    863       
466.80    784       
466.90    819       
467.00    792       
467.10    811       
467.20    772       
467.30    815       
467.40    805       
467.50    841       
467.60    830       
467.70    837       
467.80    830       
467.90    828       
468.00    785       
468.10    812       
468.20    812       
468.30    747       
468.40    800       
468.50    806       
468.60    787       
468.70    843       
468.80    859       
468.90    887       
469.00    885       
469.10    820       
469.20    877       
469.30    796       
469.40    775       
469.50    798       
469.60    767       
469.70    773       
469.80    818       
469.90    823       
470.00    875       
470.10    785       
470.20    829       
470.30    794       
470.40    792       
470.50    796       
470.60    802       
470.70    812       
470.80    837       
470.90    826       
471.00    800       
471.10    818       
471.20    816       
471.30    769       
471.40    804       
471.50    761       
471.60    811       
471.70    773       
471.80    886       
471.90    871       
472.00    813       
472.10    778       
472.20    856       
472.30    756       
472.40    811       
472.50    782       
472.60    826       
472.70    785       
472.80    802       
472.90    867       
473.00    777       
473.10    789       
473.20    776       
473.30    827       
473.40    817       
473.50    815       
473.60    811       
473.70    806       
473.80    801       
473.90    825       
474.00    871       
474.10    829       
474.20    804       
474.30    871       
474.40    794       
474.50    836       
474.60    830       
474.70    795       
474.80    802       
474.90    793       
475.00    916       
475.10    839       
475.20    824       
475.30    800       
475.40    818       
475.50    828       
475.60    822       
475.70    842       
475.80    771       
475.90    785       
476.00    782       
476.10    784       
476.20    780       
476.30    811       
476.40    792       
476.50    873       
476.60    830       
476.70    798       
476.80    827       
476.90    784       
477.00    792       
477.10    865       
477.20    840       
477.30    798       
477.40    778       
477.50    774       
477.60    894       
477.70    913       
477.80    911       
477.90    877       
478.00    853       
478.10    768       
478.20    772       
478.30    766       
478.40    819       
478.50    785       
478.60    790       
478.70    890       
478.80    866       
478.90    859       
479.00    856       
479.10    773       
479.20    794       
479.30    817       
479.40    889       
479.50    826       
479.60    828       
479.70    806       
479.80    853       
479.90    898       
480.00    837       
480.10    831       
480.20    841       
480.30    769       
480.40    861       
480.50    820       
480.60    794       
480.70    884       
480.80    874       
480.90    832       
481.00    840       
481.10    864       
481.20    802       
481.30    804       
481.40    792       
481.50    745       
481.60    794       
481.70    826       
481.80    789       
481.90    846       
482.00    796       
482.10    800       
482.20    806       
482.30    820       
482.40    884       
482.50    771       
482.60    803       
482.70    827       
482.80    845       
482.90    792       
483.00    825       
483.10    811       
483.20    782       
483.30    794       
483.40    791       
483.50    794       
483.60    831       
483.70    808       
483.80    876       
483.90    831       
484.00    768       
484.10    835       
484.20    869       
484.30    832       
484.40    813       
484.50    848       
484.60    822       
484.70    835       
484.80    806       
484.90    887       
485.00    843       
485.10    854       
485.20    802       
485.30    861       
485.40    779       
485.50    793       
485.60    877       
485.70    810       
485.80    809       
485.90    833       
486.00    971       
486.10    795       
486.20    811       
486.30    835       
486.40    825       
486.50    827       
486.60    805       
486.70    806       
486.80    744       
486.90    748       
487.00    788       
487.10    784       
487.20    803       
487.30    918       
487.40    838       
487.50    817       
487.60    791       
487.70    821       
487.80    816       
487.90    805       
488.00    780       
488.10    791       
488.20    841       
488.30    825       
488.40    825       
488.50    815       
488.60    830       
488.70    837       
488.80    838       
488.90    885       
489.00    768       
489.10    841       
489.20    787       
489.30    813       
489.40    855       
489.50    830       
489.60    817       
489.70    778       
489.80    770       
489.90    780       
490.00    819       
490.10    787       
490.20    828       
490.30    894       
490.40    857       
490.50    822       
490.60    787       
490.70    815       
490.80    910       
490.90    796       
491.00    828       
491.10    784       
491.20    787       
491.30    790       
491.40    762       
491.50    835       
491.60    829       
491.70    816       
491.80    883       
491.90    830       
492.00    908       
492.10    1239      
492.20    1182      
492.30    919       
492.40    808       
492.50    925       
492.60    792       
492.70    784       
492.80    807       
492.90    881       
493.00    840       
493.10    844       
493.20    846       
493.30    797       
493.40    837       
493.50    858       
493.60    813       
493.70    875       
493.80    801       
493.90    866       
494.00    847       
494.10    857       
494.20    814       
494.30    808       
494.40    798       
494.50    799       
494.60    830       
494.70    809       
494.80    814       
494.90    838       
495.00    815       
495.10    907       
495.20    811       
495.30    804       
495.40    849       
495.50    793       
495.60    790       
495.70    826       
495.80    856       
495.90    771       
496.00    810       
496.10    804       
496.20    826       
496.30    828       
496.40    847       
496.50    781       
496.60    844       
496.70    824       
496.80    925       
496.90    802       
497.00    852       
497.10    800       
497.20    918       
497.30    888       
497.40    862       
497.50    794       
497.60    881       
497.70    796       
497.80    772       
497.90    886       
498.00    794       
498.10    815       
498.20    857       
498.30    865       
498.40    810       
498.50    821       
498.60    838       
498.70    782       
498.80    850       
498.90    821       
499.00    829       
499.10    776       
499.20    925       
499.30    809       
499.40    845       
499.50    881       
499.60    854       
499.70    840       
499.80    749       
499.90    791       
500.00    883       
500.10    771       
500.20    798       
500.30    842       
500.40    817       
500.50    821       
500.60    827       
500.70    809       
500.80    783       
500.90    805       
501.00    830       
501.10    799       
501.20    784       
501.30    813       
501.40    815       
501.50    876       
501.60    828       
501.70    814       
501.80    802       
501.90    862       
502.00    778       
502.10    794       
502.20    767       
502.30    824       
502.40    845       
502.50    789       
502.60    827       
502.70    839       
502.80    867       
502.90    895       
503.00    772       
503.10    798       
503.20    781       
503.30    756       
503.40    757       
503.50    803       
503.60    872       
503.70    779       
503.80    857       
503.90    793       
504.00    845       
504.10    791       
504.20    811       
504.30    822       
504.40    816       
504.50    872       
504.60    812       
504.70    886       
504.80    769       
504.90    906       
505.00    772       
505.10    821       
505.20    780       
505.30    777       
505.40    928       
505.50    802       
505.60    817       
505.70    803       
505.80    798       
505.90    821       
506.00    799       
506.10    819       
506.20    803       
506.30    877       
506.40    802       
506.50    825       
506.60    880       
506.70    830       
506.80    854       
506.90    840       
507.00    845       
507.10    863       
507.20    815       
507.30    790       
507.40    845       
507.50    786       
507.60    768       
507.70    823       
507.80    792       
507.90    864       
508.00    835       
508.10    892       
508.20    809       
508.30    807       
508.40    765       
508.50    769       
508.60    764       
508.70    759       
508.80    768       
508.90    814       
509.00    840       
509.10    821       
509.20    837       
509.30    866       
509.40    843       
509.50    796       
509.60    812       
509.70    775       
509.80    782       
509.90    812       
510.00    786       
510.10    841       
510.20    784       
510.30    945       
510.40    806       
510.50    866       
510.60    804       
510.70    772       
510.80    813       
510.90    828       
511.00    840       
511.10    809       
511.20    871       
511.30    829       
511.40    807       
511.50    789       
511.60    850       
511.70    762       
511.80    801       
511.90    773       
512.00    763       
512.10    782       
512.20    855       
512.30    787       
512.40    762       
512.50    848       
512.60    805       
512.70    803       
512.80    789       
512.90    786       
513.00    784       
513.10    829       
513.20    793       
513.30    858       
513.40    836       
513.50    801       
513.60    875       
513.70    832       
513.80    815       
513.90    751       
514.00    867       
514.10    841       
514.20    831       
514.30    901       
514.40    896       
514.50    869       
514.60    960       
514.70    791       
514.80    794       
514.90    836       
515.00    812       
515.10    743       
515.20    849       
515.30    819       
515.40    814       
515.50    821       
515.60    808       
515.70    829       
515.80    818       
515.90    797       
516.00    818       
516.10    755       
516.20    824       
516.30    891       
516.40    857       
516.50    847       
516.60    818       
516.70    900       
516.80    909       
516.90    853       
517.00    820       
517.10    829       
517.20    769       
517.30    780       
517.40    805       
517.50    809       
517.60    829       
517.70    857       
517.80    892       
517.90    803       
518.00    802       
518.10    813       
518.20    834       
518.30    774       
518.40    810       
518.50    789       
518.60    793       
518.70    855       
518.80    839       
518.90    865       
519.00    828       
519.10    767       
519.20    758       
519.30    789       
519.40    770       
519.50    824       
519.60    793       
519.70    804       
519.80    853       
519.90    809       
520.00    864       
520.10    824       
520.20    835       
520.30    851       
520.40    759       
520.50    802       
520.60    843       
520.70    780       
520.80    764       
520.90    843       
521.00    824       
521.10    792       
521.20    827       
521.30    858       
521.40    866       
521.50    790       
521.60    811       
521.70    767       
521.80    756       
521.90    841       
522.00    844       
522.10    805       
522.20    839       
522.30    783       
522.40    762       
522.50    832       
522.60    812       
522.70    789       
522.80    780       
522.90    808       
523.00    861       
523.10    771       
523.20    891       
523.30    817       
523.40    796       
523.50    841       
523.60    811       
523.70    773       
523.80    795       
523.90    837       
524.00    901       
524.10    870       
524.20    856       
524.30    798       
524.40    817       
524.50    828       
524.60    831       
524.70    797       
524.80    761       
524.90    800       
525.00    807       
525.10    849       
525.20    828       
525.30    810       
525.40    836       
525.50    851       
525.60    790       
525.70    753       
525.80    786       
525.90    865       
526.00    818       
526.10    815       
526.20    904       
526.30    814       
526.40    872       
526.50    842       
526.60    795       
526.70    916       
526.80    788       
526.90    789       
527.00    812       
527.10    830       
527.20    859       
527.30    861       
527.40    761       
527.50    799       
527.60    854       
527.70    784       
527.80    753       
527.90    831       
528.00    872       
528.10    844       
528.20    846       
528.30    824       
528.40    810       
528.50    865       
528.60    807       
528.70    819       
528.80    778       
528.90    828       
529.00    755       
529.10    869       
529.20    777       
529.30    866       
529.40    899       
529.50    842       
529.60    843       
529.70    860       
529.80    774       
529.90    870       
530.00    798       
530.10    755       
530.20    775       
530.30    791       
530.40    785       
530.50    781       
530.60    802       
530.70    802       
530.80    859       
530.90    841       
531.00    812       
531.10    808       
531.20    823       
531.30    775       
531.40    848       
531.50    817       
531.60    870       
531.70    844       
531.80    788       
531.90    857       
532.00    835       
532.10    765       
532.20    779       
532.30    806       
532.40    776       
532.50    773       
532.60    805       
532.70    857       
532.80    823       
532.90    850       
533.00    793       
533.10    886       
533.20    791       
533.30    789       
533.40    817       
533.50    793       
533.60    775       
533.70    788       
533.80    843       
533.90    815       
534.00    871       
534.10    845       
534.20    840       
534.30    811       
534.40    764       
534.50    788       
534.60    825       
534.70    801       
534.80    850       
534.90    802       
535.00    939       
535.10    866       
535.20    837       
535.30    887       
535.40    751       
535.50    825       
535.60    839       
535.70    882       
535.80    826       
535.90    825       
536.00    808       
536.10    857       
536.20    792       
536.30    858       
536.40    778       
536.50    755       
536.60    804       
536.70    785       
536.80    836       
536.90    803       
537.00    846       
537.10    811       
537.20    804       
537.30    794       
537.40    822       
537.50    862       
537.60    767       
537.70    811       
537.80    807       
537.90    782       
538.00    822       
538.10    810       
538.20    861       
538.30    847       
538.40    837       
538.50    771       
538.60    763       
538.70    761       
538.80    820       
538.90    915       
539.00    881       
539.10    820       
539.20    820       
539.30    839       
539.40    843       
539.50    823       
539.60    867       
539.70    879       
539.80    759       
539.90    787       
540.00    801       
540.10    819       
540.20    823       
540.30    879       
540.40    813       
540.50    827       
540.60    820       
540.70    800       
540.80    790       
540.90    760       
541.00    920       
541.10    777       
541.20    841       
541.30    925       
541.40    865       
541.50    838       
541.60    831       
541.70    886       
541.80    832       
541.90    772       
542.00    812       
542.10    754       
542.20    874       
542.30    817       
542.40    814       
542.50    835       
542.60    803       
542.70    894       
542.80    872       
542.90    794       
543.00    868       
543.10    768       
543.20    869       
543.30    822       
543.40    802       
543.50    854       
543.60    821       
543.70    767       
543.80    820       
543.90    888       
544.00    868       
544.10    805       
544.20    803       
544.30    774       
544.40    831       
544.50    816       
544.60    780       
544.70    894       
544.80    870       
544.90    907       
545.00    814       
545.10    862       
545.20    872       
545.30    851       
545.40    878       
545.50    861       
545.60    873       
545.70    937       
545.80    947       
545.90    934       
546.00    1056      
546.10    1117      
546.20    4905      
546.30    5715      
546.40    6043      
546.50    6177      
546.60    5599      
546.70    4953      
546.80    1218      
546.90    973       
547.00    925       
547.10    893       
547.20    854       
547.30    812       
547.40    935       
547.50    890       
547.60    882       
547.70    865       
547.80    851       
547.90    842       
548.00    869       
548.10    877       
548.20    824       
548.30    821       
548.40    907       
548.50    785       
548.60    818       
548.70    842       
548.80    799       
548.90    822       
549.00    847       
549.10    827       
549.20    818       
549.30    823       
549.40    782       
549.50    829       
549.60    792       
549.70    824       
549.80    807       
549.90    855       
550.00    885       
550.10    798       
550.20    824       
550.30    829       
550.40    851       
550.50    748       
550.60    776       
550.70    831       
550.80    881       
550.90    827       
551.00    865       
551.10    809       
551.20    844       
551.30    813       
551.40    859       
551.50    832       
551.60    792       
551.70    840       
551.80    828       
551.90    826       
552.00    826       
552.10    880       
552.20    851       
552.30    844       
552.40    878       
552.50    831       
552.60    817       
552.70    763       
552.80    874       
552.90    845       
553.00    794       
553.10    855       
553.20    873       
553.30    821       
553.40    812       
553.50    814       
553.60    778       
553.70    799       
553.80    766       
553.90    830       
554.00    862       
554.10    832       
554.20    865       
554.30    841       
554.40    827       
554.50    829       
554.60    791       
554.70    826       
554.80    833       
554.90    797       
555.00    870       
555.10    789       
555.20    780       
555.30    864       
555.40    919       
555.50    774       
555.60    823       
555.70    770       
555.80    810       
555.90    809       
556.00    820       
556.10    826       
556.20    866       
556.30    868       
556.40    817       
556.50    860       
556.60    774       
556.70    806       
556.80    771       
556.90    773       
557.00    795       
557.10    818       
557.20    796       
557.30    845       
557.40    818       
557.50    872       
557.60    855       
557.70    877       
557.80    827       
557.90    798       
558.00    782       
558.10    832       
558.20    828       
558.30    858       
558.40    800       
558.50    818       
558.60    894       
558.70    829       
558.80    870       
558.90    852       
559.00    774       
559.10    770       
559.20    774       
559.30    868       
559.40    900       
559.50    865       
559.60    803       
559.70    831       
559.80    863       
559.90    842       
560.00    810       
560.10    806       
560.20    879       
560.30    870       
560.40    829       
560.50    819       
560.60    896       
560.70    831       
560.80    763       
560.90    813       
561.00    848       
561.10    1017      
561.20    779       
561.30    871       
561.40    844       
561.50    826       
561.60    850       
561.70    828       
561.80    836       
561.90    832       
562.00    756       
562.10    793       
562.20    769       
562.30    844       
562.40    862       
562.50    843       
562.60    861       
562.70    870       
562.80    854       
562.90    829       
563.00    783       
563.10    849       
563.20    778       
563.30    894       
563.40    818       
563.50    801       
563.60    857       
563.70    819       
563.80    839       
563.90    876       
564.00    837       
564.10    767       
564.20    866       
564.30    859       
564.40    774       
564.50    797       
564.60    827       
564.70    858       
564.80    899       
564.90    796       
565.00    854       
565.10    813       
565.20    925       
565.30    808       
565.40    812       
565.50    817       
565.60    792       
565.70    844       
565.80    821       
565.90    845       
566.00    902       
566.10    911       
566.20    838       
566.30    844       
566.40    784       
566.50    748       
566.60    752       
566.70    898       
566.80    776       
566.90    795       
567.00    874       
567.10    809       
567.20    815       
567.30    771       
567.40    793       
567.50    821       
567.60    807       
567.70    783       
567.80    856       
567.90    889       
568.00    841       
568.10    831       
568.20    823       
568.30    876       
568.40    811       
568.50    807       
568.60    856       
568.70    743       
568.80    798       
568.90    883       
569.00    866       
569.10    837       
569.20    804       
569.30    905       
569.40    855       
569.50    849       
569.60    810       
569.70    772       
569.80    827       
569.90    855       
570.00    833       
570.10    854       
570.20    854       
570.30    826       
570.40    835       
570.50    813       
570.60    783       
570.70    841       
570.80    762       
570.90    830       
571.00    901       
571.10    852       
571.20    915       
571.30    810       
571.40    846       
571.50    840       
571.60    800       
571.70    813       
571.80    844       
571.90    795       
572.00    793       
572.10    833       
572.20    843       
572.30    832       
572.40    760       
572.50    975       
572.60    856       
572.70    770       
572.80    894       
572.90    785       
573.00    790       
573.10    798       
573.20    823       
573.30    825       
573.40    839       
573.50    814       
573.60    812       
573.70    794       
573.80    818       
573.90    786       
574.00    801       
574.10    794       
574.20    852       
574.30    843       
574.40    850       
574.50    921       
574.60    858       
574.70    815       
574.80    830       
574.90    819       
575.00    792       
575.10    771       
575.20    833       
575.30    878       
575.40    819       
575.50    896       
575.60    892       
575.70    834       
575.80    836       
575.90    857       
576.00    807       
576.10    797       
576.20    814       
576.30    876       
576.40    800       
576.50    850       
576.60    863       
576.70    837       
576.80    905       
576.90    858       
577.00    2674      
577.10    5132      
577.20    5148      
577.30    5080      
577.40    2412      
577.50    978       
577.60    873       
577.70    902       
577.80    822       
577.90    862       
578.00    811       
578.10    807       
578.20    815       
578.30    773       
578.40    806       
578.50    830       
578.60    820       
578.70    828       
578.80    853       
578.90    911       
579.00    1074      
579.10    4813      
579.20    5201      
579.30    5241      
579.40    4927      
579.50    1815      
579.60    899       
579.70    850       
579.80    908       
579.90    993       
580.00    916       
580.10    859       
580.20    798       
580.30    766       
580.40    857       
580.50    823       
580.60    874       
580.70    848       
580.80    895       
580.90    858       
581.00    872       
581.10    890       
581.20    849       
581.30    909       
581.40    803       
581.50    853       
581.60    831       
581.70    818       
581.80    852       
581.90    805       
582.00    849       
582.10    871       
582.20    809       
582.30    845       
582.40    806       
582.50    784       
582.60    795       
582.70    810       
582.80    830       
582.90    820       
583.00    813       
583.10    904       
583.20    790       
583.30    871       
583.40    816       
583.50    809       
583.60    770       
583.70    819       
583.80    872       
583.90    822       
584.00    896       
584.10    829       
584.20    823       
584.30    818       
584.40    840       
584.50    821       
584.60    747       
584.70    789       
584.80    814       
584.90    828       
585.00    817       
585.10    908       
585.20    839       
585.30    794       
585.40    792       
585.50    828       
585.60    849       
585.70    779       
585.80    821       
585.90    871       
586.00    839       
586.10    818       
586.20    917       
586.30    835       
586.40    829       
586.50    803       
586.60    786       
586.70    770       
586.80    792       
586.90    782       
587.00    803       
587.10    794       
587.20    848       
587.30    810       
587.40    818       
587.50    791       
587.60    795       
587.70    793       
587.80    785       
587.90    798       
588.00    861       
588.10    879       
588.20    838       
588.30    823       
588.40    844       
588.50    917       
588.60    884       
588.70    833       
588.80    755       
588.90    813       
589.00    781       
589.10    814       
589.20    815       
589.30    797       
589.40    839       
589.50    877       
589.60    824       
589.70    820       
589.80    816       
589.90    816       
590.00    765       
590.10    811       
590.20    796       
590.30    887       
590.40    772       
590.50    831       
590.60    844       
590.70    796       
590.80    783       
590.90    791       
591.00    819       
591.10    794       
591.20    833       
591.30    815       
591.40    805       
591.50    856       
591.60    825       
591.70    868       
591.80    839       
591.90    787       
592.00    778       
592.10    844       
592.20    821       
592.30    798       
592.40    863       
592.50    842       
592.60    794       
592.70    828       
592.80    908       
592.90    890       
593.00    792       
593.10    804       
593.20    817       
593.30    828       
593.40    805       
593.50    861       
593.60    828       
593.70    808       
593.80    818       
593.90    799       
594.00    806       
594.10    817       
594.20    774       
594.30    809       
594.40    839       
594.50    844       
594.60    771       
594.70    919       
594.80    788       
594.90    872       
595.00    856       
595.10    778       
595.20    820       
595.30    814       
595.40    830       
595.50    854       
595.60    785       
595.70    791       
595.80    788       
595.90    954       
596.00    835       
596.10    803       
596.20    838       
596.30    797       
596.40    779       
596.50    793       
596.60    820       
596.70    812       
596.80    807       
596.90    829       
597.00    856       
597.10    841       
597.20    817       
597.30    826       
597.40    901       
597.50    773       
597.60    784       
597.70    807       
597.80    853       
597.90    799       
598.00    797       
598.10    831       
598.20    811       
598.30    795       
598.40    795       
598.50    768       
598.60    873       
598.70    821       
598.80    819       
598.90    879       
599.00    830       
599.10    784       
599.20    817       
599.30    781       
599.40    792       
599.50    773       
599.60    786       
599.70    870       
599.80    877       
599.90    832       
600.00    846       
600.10    881       
600.20    790       
600.30    817       
600.40    789       
600.50    791       
600.60    790       
600.70    817       
600.80    860       
600.90    865       
601.00    821       
601.10    895       
601.20    792       
601.30    849       
601.40    865       
601.50    819       
601.60    767       
601.70    760       
601.80    795       
601.90    825       
602.00    771       
602.10    866       
602.20    848       
602.30    808       
602.40    808       
602.50    773       
602.60    797       
602.70    784       
602.80    779       
602.90    838       
603.00    836       
603.10    830       
603.20    763       
603.30    884       
603.40    847       
603.50    874       
603.60    862       
603.70    815       
603.80    870       
603.90    846       
604.00    798       
604.10    937       
604.20    787       
604.30    875       
604.40    850       
604.50    790       
604.60    805       
604.70    762       
604.80    809       
604.90    778       
605.00    879       
605.10    781       
605.20    808       
605.30    834       
605.40    831       
605.50    827       
605.60    810       
605.70    794       
605.80    818       
605.90    914       
606.00    815       
606.10    799       
606.20    850       
606.30    859       
606.40    835       
606.50    846       
606.60    842       
606.70    776       
606.80    771       
606.90    798       
607.00    788       
607.10    808       
607.20    816       
607.30    848       
607.40    860       
607.50    812       
607.60    871       
607.70    799       
607.80    782       
607.90    824       
608.00    784       
608.10    793       
608.20    809       
608.30    796       
608.40    804       
608.50    859       
608.60    833       
608.70    869       
608.80    863       
608.90    813       
609.00    841       
609.10    866       
609.20    794       
609.30    846       
609.40    824       
609.50    868       
609.60    817       
609.70    810       
609.80    807       
609.90    772       
610.00    771       
610.10    858       
610.20    835       
610.30    842       
610.40    869       
610.50    829       
610.60    846       
610.70    823       
610.80    850       
610.90    785       
611.00    851       
611.10    790       
611.20    819       
611.30    817       
611.40    818       
611.50    901       
611.60    864       
611.70    776       
611.80    806       
611.90    805       
612.00    787       
612.10    758       
612.20    819       
612.30    810       
612.40    832       
612.50    858       
612.60    845       
612.70    849       
612.80    855       
612.90    772       
613.00    844       
613.10    820       
613.20    802       
613.30    824       
613.40    810       
613.50    798       
613.60    798       
613.70    790       
613.80    863       
613.90    835       
614.00    783       
614.10    744       
614.20    749       
614.30    776       
614.40    830       
614.50    815       
614.60    827       
614.70    860       
614.80    831       
614.90    864       
615.00    798       
615.10    764       
615.20    773       
615.30    777       
615.40    807       
615.50    778       
615.60    829       
615.70    826       
615.80    803       
615.90    885       
616.00    806       
616.10    864       
616.20    805       
616.30    773       
616.40    796       
616.50    826       
616.60    804       
616.70    807       
616.80    812       
616.90    880       
617.00    862       
617.10    816       
617.20    893       
617.30    809       
617.40    807       
617.50    796       
617.60    774       
617.70    941       
617.80    855       
617.90    824       
618.00    816       
618.10    784       
618.20    811       
618.30    758       
618.40    761       
618.50    803       
618.60    822       
618.70    800       
618.80    853       
618.90    838       
619.00    800       
619.10    883       
619.20    880       
619.30    827       
619.40    777       
619.50    886       
619.60    828       
619.70    867       
619.80    816       
619.90    904       
620.00    941       
620.10    944       
620.20    855       
620.30    789       
620.40    812       
620.50    753       
620.60    809       
620.70    816       
620.80    777       
620.90    791       
621.00    781       
621.10    868       
621.20    771       
621.30    848       
621.40    786       
621.50    844       
621.60    822       
621.70    849       
621.80    865       
621.90    863       
622.00    786       
622.10    845       
622.20    851       
622.30    822       
622.40    823       
622.50    799       
622.60    767       
622.70    806       
622.80    800       
622.90    785       
623.00    780       
623.10    880       
623.20    839       
623.30    798       
623.40    838       
623.50    844       
623.60    827       
623.70    871       
623.80    832       
623.90    811       
624.00    914       
624.10    885       
624.20    777       
624.30    798       
624.40    831       
624.50    876       
624.60    782       
624.70    822       
624.80    804       
624.90    852       
625.00    784       
625.10    835       
625.20    824       
625.30    814       
625.40    804       
625.50    814       
625.60    818       
625.70    821       
625.80    774       
625.90    798       
626.00    808       
626.10    785       
626.20    868       
626.30    860       
626.40    819       
626.50    854       
626.60    843       
626.70    804       
626.80    783       
626.90    786       
627.00    784       
627.10    787       
627.20    813       
627.30    840       
627.40    830       
627.50    819       
627.60    839       
627.70    845       
627.80    787       
627.90    818       
628.00    854       
628.10    785       
628.20    856       
628.30    785       
628.40    776       
628.50    804       
628.60    793       
628.70    814       
628.80    785       
628.90    805       
629.00    838       
629.10    861       
629.20    776       
629.30    765       
629.40    850       
629.50    833       
629.60    834       
629.70    870       
629.80    775       
629.90    849       
630.00    789       
630.10    846       
630.20    778       
630.30    777       
630.40    911       
630.50    785       
630.60    787       
630.70    817       
630.80    797       
630.90    825       
631.00    848       
631.10    887       
631.20    799       
631.30    798       
631.40    846       
631.50    870       
631.60    916       
631.70    901       
631.80    900       
631.90    757       
632.00    773       
632.10    859       
632.20    844       
632.30    877       
632.40    815       
632.50    965       
632.60    777       
632.70    848       
632.80    845       
632.90    832       
633.00    806       
633.10    747       
633.20    797       
633.30    837       
633.40    871       
633.50    769       
633.60    830       
633.70    792       
633.80    974       
633.90    847       
634.00    837       
634.10    771       
634.20    780       
634.30    807       
634.40    796       
634.50    800       
634.60    825       
634.70    744       
634.80    856       
634.90    888       
635.00    859       
635.10    764       
635.20    773       
635.30    781       
635.40    838       
635.50    830       
635.60    843       
635.70    794       
635.80    803       
635.90    837       
636.00    804       
636.10    757       
636.20    926       
636.30    793       
636.40    787       
636.50    789       
636.60    890       
636.70    855       
636.80    832       
636.90    833       
637.00    802       
637.10    823       
637.20    775       
637.30    810       
637.40    845       
637.50    805       
637.60    885       
637.70    818       
637.80    808       
637.90    856       
638.00    823       
638.10    760       
638.20    875       
638.30    772       
638.40    823       
638.50    759       
638.60    835       
638.70    810       
638.80    774       
638.90    856       
639.00    913       
639.10    795       
639.20    774       
639.30    799       
639.40    786       
639.50    780       
639.60    803       
639.70    841       
639.80    783       
639.90    834       
640.00    839       
640.10    790       
640.20    842       
640.30    818       
640.40    834       
640.50    797       
640.60    809       
640.70    896       
640.80    807       
640.90    867       
641.00    904       
641.10    846       
641.20    820       
641.30    846       
641.40    826       
641.50    856       
641.60    871       
641.70    855       
641.80    844       
641.90    803       
642.00    803       
642.10    811       
642.20    840       
642.30    803       
642.40    817       
642.50    738       
642.60    779       
642.70    809       
642.80    825       
642.90    765       
643.00    863       
643.10    833       
643.20    847       
643.30    830       
643.40    787       
643.50    780       
643.60    770       
643.70    803       
643.80    823       
643.90    850       
644.00    879       
644.10    820       
644.20    805       
644.30    855       
644.40    824       
644.50    783       
644.60    805       
644.70    793       
644.80    877       
644.90    798       
645.00    843       
645.10    806       
645.20    827       
645.30    843       
645.40    920       
645.50    796       
645.60    783       
645.70    767       
645.80    775       
645.90    776       
646.00    853       
646.10    827       
646.20    828       
646.30    941       
646.40    836       
646.50    810       
646.60    850       
646.70    882       
646.80    786       
646.90    869       
647.00    786       
647.10    842       
647.20    837       
647.30    814       
647.40    838       
647.50    797       
647.60    755       
647.70    806       
647.80    779       
647.90    816       
648.00    841       
648.10    846       
648.20    837       
648.30    820       
648.40    819       
648.50    845       
648.60    793       
648.70    815       
648.80    794       
648.90    839       
649.00    765       
649.10    796       
649.20    811       
649.30    835       
649.40    860       
649.50    902       
649.60    844       
649.70    828       
649.80    822       
649.90    827       
650.00    798       
650.10    819       
650.20    863       
650.30    795       
650.40    856       
650.50    774       
650.60    802       
650.70    826       
650.80    774       
650.90    772       
651.00    870       
651.10    796       
651.20    805       
651.30    847       
651.40    858       
651.50    799       
651.60    827       
651.70    840       
651.80    810       
651.90    764       
652.00    778       
652.10    868       
652.20    822       
652.30    825       
652.40    794       
652.50    829       
652.60    875       
652.70    811       
652.80    817       
652.90    846       
653.00    784       
653.10    835       
653.20    817       
653.30    827       
653.40    817       
653.50    820       
653.60    843       
653.70    845       
653.80    800       
653.90    774       
654.00    825       
654.10    837       
654.20    878       
654.30    856       
654.40    818       
654.50    857       
654.60    846       
654.70    950       
654.80    781       
654.90    806       
655.00    820       
655.10    740       
655.20    797       
655.30    794       
655.40    812       
655.50    790       
655.60    797       
655.70    830       
655.80    872       
655.90    773       
656.00    779       
656.10    758       
656.20    805       
656.30    839       
656.40    821       
656.50    806       
656.60    827       
656.70    868       
656.80    797       
656.90    809       
657.00    765       
657.10    794       
657.20    804       
657.30    818       
657.40    848       
657.50    817       
657.60    835       
657.70    812       
657.80    912       
657.90    907       
658.00    796       
658.10    758       
658.20    803       
658.30    782       
658.40    843       
658.50    825       
658.60    892       
658.70    818       
658.80    794       
658.90    803       
659.00    791       
659.10    758       
659.20    788       
659.30    768       
659.40    854       
659.50    807       
659.60    820       
659.70    846       
659.80    860       
659.90    780       
660.00    812       
660.10    820       
660.20    808       
660.30    808       
660.40    739       
660.50    877       
660.60    825       
660.70    826       
660.80    805       
660.90    826       
661.00    799       
661.10    856       
661.20    784       
661.30    878       
661.40    803       
661.50    873       
661.60    853       
661.70    805       
661.80    834       
661.90    942       
662.00    817       
662.10    782       
662.20    835       
662.30    806       
662.40    836       
662.50    813       
662.60    842       
662.70    802       
662.80    890       
662.90    815       
663.00    941       
663.10    781       
663.20    828       
663.30    810       
663.40    802       
663.50    819       
663.60    769       
663.70    786       
663.80    863       
663.90    886       
664.00    823       
664.10    819       
664.20    873       
664.30    766       
664.40    820       
664.50    763       
664.60    795       
664.70    821       
664.80    848       
664.90    850       
665.00    913       
665.10    901       
665.20    816       
665.30    853       
665.40    805       
665.50    778       
665.60    836       
665.70    823       
665.80    795       
665.90    822       
666.00    818       
666.10    847       
666.20    806       
666.30    834       
666.40    857       
666.50    792       
666.60    774       
666.70    913       
666.80    805       
666.90    850       
667.00    786       
667.10    784       
667.20    806       
667.30    877       
667.40    826       
667.50    786       
667.60    828       
667.70    836       
667.80    816       
667.90    789       
668.00    886       
668.10    800       
668.20    804       
668.30    860       
668.40    826       
668.50    797       
668.60    799       
668.70    809       
668.80    832       
668.90    824       
669.00    888       
669.10    902       
669.20    849       
669.30    854       
669.40    797       
669.50    820       
669.60    831       
669.70    968       
669.80    798       
669.90    830       
670.00    806       
670.10    846       
670.20    853       
670.30    791       
670.40    891       
670.50    776       
670.60    718       
670.70    776       
670.80    819       
670.90    770       
671.00    769       
671.10    881       
671.20    802       
671.30    825       
671.40    810       
671.50    822       
671.60    882       
671.70    768       
671.80    783       
671.90    837       
672.00    825       
672.10    859       
672.20    814       
672.30    843       
672.40    862       
672.50    812       
672.60    821       
672.70    808       
672.80    828       
672.90    872       
673.00    840       
673.10    779       
673.20    792       
673.30    865       
673.40    840       
673.50    903       
673.60    802       
673.70    843       
673.80    768       
673.90    863       
674.00    813       
674.10    831       
674.20    838       
674.30    847       
674.40    804       
674.50    798       
674.60    801       
674.70    735       
674.80    805       
674.90    793       
675.00    821       
675.10    847       
675.20    843       
675.30    844       
675.40    899       
675.50    833       
675.60    802       
675.70    762       
675.80    866       
675.90    776       
676.00    831       
676.10    900       
676.20    852       
676.30    812       
676.40    927       
676.50    840       
676.60    762       
676.70    844       
676.80    807       
676.90    794       
677.00    804       
677.10    799       
677.20    783       
677.30    852       
677.40    906       
677.50    872       
677.60    824       
677.70    871       
677.80    803       
677.90    798       
678.00    782       
678.10    847       
678.20    799       
678.30    845       
678.40    803       
678.50    788       
678.60    889       
678.70    833       
678.80    843       
678.90    776       
679.00    772       
679.10    859       
679.20    797       
679.30    834       
679.40    827       
679.50    835       
679.60    869       
679.70    863       
679.80    828       
679.90    795       
680.00    869       
680.10    799       
680.20    846       
680.30    831       
680.40    804       
680.50    818       
680.60    798       
680.70    812       
680.80    793       
680.90    791       
681.00    818       
681.10    796       
681.20    783       
681.30    859       
681.40    869       
681.50    815       
681.60    841       
681.70    796       
681.80    819       
681.90    803       
682.00    770       
682.10    816       
682.20    821       
682.30    769       
682.40    847       
682.50    791       
682.60    963       
682.70    783       
682.80    793       
682.90    846       
683.00    822       
683.10    799       
683.20    765       
683.30    832       
683.40    886       
683.50    851       
683.60    850       
683.70    831       
683.80    842       
683.90    832       
684.00    778       
684.10    823       
684.20    860       
684.30    829       
684.40    842       
684.50    878       
684.60    814       
684.70    836       
684.80    871       
684.90    817       
685.00    815       
685.10    784       
685.20    785       
685.30    812       
685.40    801       
685.50    808       
685.60    848       
685.70    845       
685.80    844       
685.90    853       
686.00    819       
686.10    809       
686.20    812       
686.30    806       
686.40    793       
686.50    860       
686.60    830       
686.70    892       
686.80    777       
686.90    807       
687.00    821       
687.10    817       
687.20    814       
687.30    778       
687.40    790       
687.50    828       
687.60    793       
687.70    917       
687.80    834       
687.90    839       
688.00    832       
688.10    809       
688.20    821       
688.30    796       
688.40    814       
688.50    833       
688.60    809       
688.70    834       
688.80    823       
688.90    793       
689.00    892       
689.10    798       
689.20    775       
689.30    829       
689.40    903       
689.50    836       
689.60    854       
689.70    827       
689.80    821       
689.90    837       
690.00    801       
690.10    821       
690.20    791       
690.30    818       
690.40    773       
690.50    786       
690.60    906       
690.70    1021      
690.80    870       
690.90    820       
691.00    805       
691.10    796       
691.20    834       
691.30    827       
691.40    844       
691.50    906       
691.60    803       
691.70    835       
691.80    786       
691.90    820       
692.00    810       
692.10    774       
692.20    859       
692.30    752       
692.40    788       
692.50    825       
692.60    828       
692.70    818       
692.80    885       
692.90    952       
693.00    832       
693.10    826       
693.20    810       
693.30    785       
693.40    767       
693.50    809       
693.60    883       
693.70    812       
693.80    814       
693.90    982       
694.00    772       
694.10    787       
694.20    811       
694.30    788       
694.40    782       
694.50    768       
694.60    821       
694.70    816       
694.80    879       
694.90    863       
695.00    854       
695.10    809       
695.20    814       
695.30    785       
695.40    852       
695.50    791       
695.60    857       
695.70    821       
695.80    887       
695.90    807       
696.00    881       
696.10    864       
696.20    889       
696.30    792       
696.40    826       
696.50    798       
696.60    842       
696.70    845       
696.80    806       
696.90    765       
697.00    805       
697.10    884       
697.20    844       
697.30    818       
697.40    818       
697.50    817       
697.60    963       
697.70    784       
697.80    832       
697.90    813       
698.00    858       
698.10    923       
698.20    816       
698.30    775       
698.40    816       
698.50    829       
698.60    864       
698.70    805       
698.80    902       
698.90    800       
699.00    781       
699.10    797       
699.20    777       
699.30    823       
699.40    809       
699.50    758       
699.60    762       
699.70    815       
699.80    848       
699.90    824       
700.00    807       
